51, 4, 6, 2, 1
27, 4, 1, 2, 2
27, 1, 5, 2, 2
33, 4, 6, 2, 2
31, 4, 1, 2, 2
33, 4, 1, 1, 2
21, 4, 6, 2, 2
29, 4, 6, 2, 2
52, 2, 6, 2, 1
15, 1, 4, 2, 2
35, 4, 1, 2, 2
35, 4, 2, 2, 2
43, 2, 3, 2, 1
35, 4, 4, 2, 2
29, 4, 3, 2, 2
42, 2, 2, 2, 2
33, 1, 4, 2, 2
28, 1, 6, 1, 1
35, 1, 2, 2, 2
31, 1, 2, 2, 2
43, 4, 6, 2, 2
31, 4, 1, 2, 2
41, 4, 6, 2, 2
50, 1, 6, 2, 2
41, 1, 2, 1, 2
50, 4, 6, 2, 2
13, 4, 6, 2, 2
13, 1, 2, 2, 1
14, 1, 1, 2, 2
24, 4, 5, 1, 1
23, 2, 2, 2, 2
35, 1, 1, 2, 2
27, 1, 1, 2, 2
31, 4, 2, 2, 2
41, 2, 1, 2, 2
41, 4, 2, 2, 2
52, 4, 1, 2, 2
27, 1, 6, 2, 2
12, 4, 6, 2, 1
51, 4, 5, 2, 2
25, 4, 2, 2, 2
15, 4, 6, 2, 2
16, 1, 2, 2, 1
17, 1, 6, 2, 1
17, 1, 1, 2, 2
29, 4, 4, 2, 2
23, 2, 5, 2, 2
50, 1, 6, 2, 2
16, 4, 2, 2, 2
51, 4, 6, 2, 2
24, 1, 2, 1, 2
25, 4, 6, 2, 2
33, 1, 1, 2, 2
43, 1, 3, 2, 1
25, 2, 1, 2, 2
26, 2, 2, 2, 2
21, 2, 2, 2, 2
31, 1, 5, 1, 2
26, 4, 4, 2, 2
52, 1, 6, 2, 1
35, 2, 1, 1, 2
35, 1, 3, 2, 2
13, 4, 2, 2, 2
41, 4, 6, 2, 1
31, 4, 1, 2, 2
35, 4, 2, 2, 2
25, 4, 3, 1, 2
33, 2, 6, 2, 2
33, 4, 5, 2, 2
22, 4, 6, 2, 2
31, 1, 2, 2, 2
22, 1, 2, 2, 2
29, 1, 4, 2, 2
31, 4, 6, 2, 2
42, 4, 1, 2, 2
29, 4, 6, 2, 1
50, 4, 2, 2, 2
13, 1, 5, 2, 2
41, 1, 1, 2, 2
26, 4, 6, 2, 2
41, 2, 6, 2, 1
23, 2, 6, 2, 2
13, 2, 1, 2, 2
17, 4, 6, 2, 2
43, 4, 6, 2, 2
51, 4, 1, 2, 2
28, 4, 6, 2, 2
21, 4, 4, 1, 2
35, 1, 1, 2, 2
43, 1, 1, 1, 2
14, 1, 4, 2, 2
14, 1, 4, 2, 2
12, 1, 6, 2, 1
43, 4, 4, 1, 2
53, 1, 4, 2, 2
31, 2, 1, 2, 2
35, 1, 4, 2, 2
13, 1, 2, 2, 2
12, 1, 6, 2, 2
50, 1, 4, 2, 2
22, 4, 6, 1, 2
42, 4, 1, 2, 2
43, 1, 4, 2, 2
31, 2, 1, 2, 2
28, 1, 2, 2, 2
15, 4, 2, 2, 2
22, 4, 6, 2, 2
26, 4, 6, 2, 2
50, 4, 1, 2, 2
53, 1, 2, 2, 2
17, 1, 6, 2, 2
28, 2, 5, 2, 2
23, 4, 1, 2, 2
29, 4, 6, 2, 2
35, 2, 3, 2, 2
51, 2, 2, 2, 2
43, 1, 6, 2, 2
23, 4, 2, 2, 2
29, 1, 1, 2, 2
25, 4, 3, 2, 1
22, 1, 1, 2, 2
26, 2, 3, 2, 2
31, 4, 6, 2, 1
42, 4, 6, 2, 2
35, 4, 5, 2, 2
28, 4, 6, 2, 1
24, 4, 6, 2, 2
35, 1, 6, 2, 2
43, 4, 6, 2, 1
35, 4, 5, 2, 1
25, 1, 4, 2, 2
22, 4, 6, 2, 2
32, 1, 1, 2, 2
23, 4, 6, 2, 2
41, 4, 3, 2, 2
23, 2, 6, 2, 2
23, 2, 6, 2, 1
17, 1, 4, 2, 2
28, 4, 6, 2, 2
35, 1, 6, 2, 1
17, 4, 6, 2, 2
51, 4, 6, 1, 2
27, 1, 4, 2, 2
25, 2, 6, 2, 2
16, 1, 3, 2, 2
13, 1, 6, 2, 2
14, 1, 1, 2, 2
17, 4, 3, 2, 2
31, 4, 1, 2, 2
33, 2, 6, 2, 2
16, 1, 4, 2, 2
15, 1, 2, 2, 2
21, 4, 6, 2, 2
33, 2, 1, 2, 2
50, 1, 4, 2, 1
35, 4, 3, 2, 2
12, 1, 1, 1, 2
41, 4, 2, 2, 2
43, 4, 6, 1, 2
43, 2, 4, 2, 2
50, 1, 1, 2, 1
14, 4, 4, 2, 2
26, 2, 5, 2, 2
35, 1, 5, 2, 2
50, 1, 2, 2, 2
27, 4, 6, 2, 2
26, 4, 4, 2, 2
25, 1, 5, 2, 2
21, 4, 6, 2, 2
15, 4, 6, 2, 2
31, 4, 4, 2, 2
23, 4, 6, 2, 2
14, 1, 2, 2, 2
14, 4, 5, 2, 2
41, 1, 4, 2, 2
21, 4, 6, 2, 2
33, 2, 6, 2, 2
28, 2, 1, 2, 2
25, 2, 3, 2, 2
26, 4, 6, 2, 2
23, 4, 6, 2, 2
52, 1, 2, 2, 2
53, 1, 2, 2, 2
42, 1, 5, 2, 2
26, 1, 2, 2, 2
35, 2, 4, 2, 2
35, 2, 3, 2, 2
35, 4, 2, 2, 2
15, 4, 6, 2, 2
22, 1, 5, 2, 2
42, 1, 1, 2, 2
23, 1, 5, 2, 2
51, 1, 2, 2, 2
29, 4, 6, 2, 2
33, 2, 1, 2, 2
22, 4, 6, 2, 1
31, 1, 6, 2, 2
43, 4, 3, 2, 2
52, 2, 6, 2, 2
43, 4, 6, 2, 2
27, 4, 6, 1, 2
21, 4, 6, 2, 2
35, 1, 1, 2, 2
14, 1, 3, 2, 2
17, 4, 6, 1, 1
21, 4, 5, 2, 2
15, 4, 6, 2, 2
12, 4, 6, 2, 2
21, 4, 1, 2, 2
21, 4, 2, 2, 2
13, 1, 1, 2, 2
51, 1, 4, 2, 2
28, 1, 1, 2, 1
35, 1, 2, 2, 2
26, 4, 1, 2, 1
33, 4, 6, 2, 2
14, 1, 5, 2, 2
17, 4, 1, 2, 2
29, 1, 5, 2, 2
21, 4, 6, 2, 2
42, 4, 3, 2, 2
43, 1, 4, 2, 2
22, 1, 1, 2, 2
17, 4, 1, 2, 1
43, 1, 6, 2, 2
16, 2, 3, 2, 2
42, 4, 2, 2, 2
35, 2, 1, 2, 2
53, 1, 2, 2, 2
25, 1, 4, 2, 2
41, 2, 1, 2, 2
42, 4, 1, 1, 2
41, 2, 6, 2, 2
33, 2, 5, 2, 2
42, 4, 6, 2, 2
41, 4, 5, 2, 2
17, 4, 6, 2, 2
53, 1, 2, 2, 2
42, 4, 2, 2, 2
53, 1, 4, 2, 2
31, 1, 1, 2, 1
26, 4, 6, 1, 2
52, 1, 6, 2, 2
41, 4, 1, 2, 2
26, 1, 5, 2, 1
35, 4, 4, 2, 2
42, 4, 1, 2, 2
31, 1, 2, 2, 2
24, 4, 3, 2, 2
33, 4, 3, 2, 2
43, 4, 4, 1, 1
43, 1, 2, 2, 1
53, 1, 1, 2, 2
26, 1, 3, 2, 2
42, 4, 4, 2, 2
35, 1, 1, 2, 1
24, 2, 3, 2, 2
33, 4, 2, 2, 2
52, 4, 6, 2, 2
43, 4, 4, 2, 2
43, 2, 6, 2, 2
22, 1, 5, 2, 1
24, 4, 6, 2, 2
21, 4, 2, 2, 2
14, 1, 2, 2, 1
21, 4, 6, 2, 1
11, 4, 6, 2, 2
43, 4, 4, 2, 2
35, 4, 6, 2, 2
15, 4, 6, 2, 1
27, 4, 2, 2, 2
33, 1, 4, 2, 2
21, 4, 4, 2, 2
21, 4, 5, 2, 2
35, 1, 1, 2, 2
42, 4, 6, 2, 2
11, 4, 1, 2, 2
22, 1, 6, 2, 1
28, 2, 6, 2, 2
24, 2, 6, 2, 2
53, 1, 2, 2, 1
35, 2, 6, 2, 2
32, 2, 6, 2, 2
26, 4, 6, 2, 2
43, 4, 6, 1, 1
31, 1, 6, 2, 2
43, 1, 1, 2, 2
32, 2, 2, 2, 1
12, 1, 6, 2, 2
43, 2, 2, 2, 2
27, 4, 5, 2, 2
31, 4, 2, 2, 2
26, 1, 1, 2, 2
41, 4, 1, 2, 2
35, 1, 6, 2, 2
13, 1, 3, 2, 2
28, 1, 6, 2, 2
42, 2, 2, 2, 2
41, 4, 3, 2, 2
29, 4, 4, 2, 2
12, 1, 5, 2, 2
31, 1, 6, 2, 2
21, 4, 6, 2, 2
14, 1, 6, 2, 2
22, 4, 6, 2, 2
16, 4, 1, 2, 2
42, 4, 6, 2, 2
51, 1, 1, 2, 2
21, 4, 6, 2, 2
21, 4, 4, 2, 2
52, 2, 6, 2, 2
29, 1, 2, 2, 2
41, 2, 3, 2, 2
26, 4, 4, 2, 2
35, 1, 6, 2, 1
33, 4, 1, 2, 2
31, 4, 2, 2, 2
27, 4, 3, 2, 2
50, 4, 4, 2, 2
33, 1, 6, 2, 2
31, 2, 2, 2, 2
25, 2, 5, 2, 2
31, 2, 6, 2, 2
42, 4, 4, 2, 2
15, 4, 6, 2, 2
17, 4, 6, 2, 2
28, 4, 6, 2, 2
28, 4, 6, 2, 2
35, 4, 6, 2, 2
43, 4, 2, 2, 1
43, 1, 6, 1, 2
26, 2, 4, 2, 2
42, 4, 2, 2, 2
23, 2, 1, 2, 2
14, 1, 1, 2, 2
25, 4, 5, 2, 2
35, 4, 6, 2, 2
21, 4, 5, 2, 2
26, 1, 6, 2, 2
33, 1, 6, 2, 1
31, 4, 2, 2, 2
23, 1, 2, 2, 2
16, 1, 3, 2, 2
50, 1, 1, 2, 2
15, 1, 1, 2, 2
21, 4, 6, 2, 2
35, 4, 6, 2, 2
50, 4, 6, 2, 2
16, 1, 4, 2, 2
51, 4, 4, 2, 2
31, 4, 6, 2, 2
51, 4, 6, 2, 2
22, 4, 6, 2, 2
15, 1, 2, 2, 1
26, 4, 2, 2, 2
43, 4, 2, 2, 1
50, 4, 1, 2, 2
26, 4, 6, 2, 2
27, 1, 6, 2, 2
42, 4, 2, 2, 2
41, 4, 6, 2, 2
21, 2, 6, 2, 2
23, 4, 6, 2, 2
24, 4, 1, 2, 2
50, 1, 2, 2, 2
52, 1, 2, 2, 2
21, 4, 1, 2, 2
52, 2, 6, 2, 2
32, 4, 6, 2, 2
32, 2, 6, 2, 2
52, 4, 6, 2, 2
43, 2, 1, 1, 1
23, 4, 6, 2, 2
26, 4, 6, 2, 2
51, 4, 1, 2, 2
12, 1, 6, 2, 2
12, 1, 5, 2, 2
33, 2, 2, 2, 2
35, 4, 4, 2, 2
31, 4, 4, 2, 2
31, 1, 1, 2, 2
41, 1, 2, 2, 2
27, 4, 6, 2, 2
15, 4, 1, 2, 1
11, 4, 3, 2, 2
28, 1, 3, 2, 2
17, 4, 2, 2, 2
31, 4, 2, 2, 2
31, 4, 4, 2, 2
23, 4, 6, 2, 2
26, 2, 5, 2, 1
50, 1, 2, 2, 2
52, 1, 2, 2, 1
25, 4, 6, 2, 2
26, 1, 6, 2, 2
28, 4, 5, 2, 2
24, 1, 5, 2, 2
35, 4, 1, 2, 2
17, 4, 1, 2, 1
21, 4, 6, 2, 2
27, 4, 1, 2, 2
25, 4, 6, 2, 2
21, 4, 3, 2, 2
31, 1, 6, 2, 2
52, 4, 6, 2, 2
53, 1, 1, 2, 2
52, 1, 2, 2, 2
13, 1, 6, 2, 2
22, 1, 1, 2, 2
31, 1, 2, 2, 2
11, 1, 1, 2, 2
27, 2, 1, 2, 2
17, 4, 5, 2, 2
21, 3, 6, 2, 2
35, 2, 5, 1, 2
51, 2, 3, 2, 2
35, 1, 6, 2, 2
14, 1, 3, 2, 2
15, 4, 2, 2, 2
33, 4, 6, 2, 1
23, 2, 2, 2, 2
25, 1, 1, 2, 2
12, 4, 6, 2, 2
42, 4, 6, 2, 1
26, 4, 4, 2, 2
13, 4, 6, 2, 2
51, 1, 6, 2, 2
26, 1, 2, 2, 2
15, 1, 2, 1, 2
28, 4, 6, 2, 2
43, 4, 1, 2, 2
31, 4, 2, 2, 1
35, 1, 5, 2, 1
41, 1, 1, 1, 2
21, 4, 6, 2, 2
28, 1, 3, 2, 2
13, 1, 1, 2, 2
31, 1, 4, 2, 2
41, 4, 6, 2, 2
29, 1, 4, 2, 2
33, 2, 6, 2, 2
15, 4, 3, 2, 2
42, 4, 4, 2, 2
41, 1, 2, 2, 2
33, 4, 2, 2, 2
51, 4, 2, 2, 2
22, 1, 3, 2, 2
28, 1, 4, 2, 1
41, 1, 2, 2, 2
21, 1, 4, 2, 2
27, 4, 4, 2, 2
31, 4, 6, 2, 2
17, 4, 4, 2, 2
23, 2, 6, 2, 2
29, 4, 1, 2, 2
27, 4, 4, 2, 2
31, 4, 6, 1, 2
25, 1, 2, 2, 2
41, 2, 6, 2, 1
21, 4, 6, 2, 2
25, 2, 6, 2, 2
23, 4, 1, 2, 2
26, 2, 6, 2, 2
13, 4, 6, 2, 2
15, 4, 6, 2, 2
21, 4, 6, 2, 2
23, 4, 4, 2, 2
41, 1, 5, 2, 1
43, 4, 6, 2, 1
52, 4, 6, 2, 2
43, 4, 6, 2, 2
41, 2, 6, 2, 1
12, 1, 2, 2, 2
53, 1, 6, 2, 1
15, 4, 3, 2, 1
26, 4, 6, 2, 2
53, 1, 5, 1, 2
23, 1, 3, 2, 2
21, 4, 6, 2, 2
32, 4, 6, 2, 2
33, 4, 3, 2, 1
50, 4, 2, 2, 2
52, 1, 1, 2, 2
31, 4, 1, 2, 1
32, 1, 6, 1, 1
26, 2, 3, 2, 2
26, 4, 6, 2, 2
26, 4, 6, 2, 2
15, 4, 1, 2, 2
25, 1, 1, 2, 2
31, 1, 6, 2, 2
35, 1, 4, 2, 2
29, 4, 6, 2, 2
15, 4, 6, 2, 2
41, 4, 6, 2, 2
42, 4, 3, 2, 2
15, 2, 6, 2, 2
43, 4, 6, 2, 1
12, 4, 6, 1, 1
13, 2, 6, 2, 2
31, 1, 6, 2, 2
24, 4, 1, 2, 2
41, 4, 1, 2, 2
12, 4, 6, 2, 2
35, 1, 1, 2, 2
51, 1, 5, 2, 2
41, 4, 2, 2, 2
43, 4, 1, 1, 2
14, 4, 6, 1, 2
28, 1, 2, 2, 2
35, 4, 6, 2, 2
26, 4, 6, 2, 2
33, 1, 2, 2, 2
11, 4, 6, 2, 2
33, 2, 2, 1, 2
12, 1, 2, 2, 2
28, 4, 2, 2, 2
29, 2, 2, 2, 2
24, 1, 2, 2, 2
32, 4, 1, 1, 2
35, 1, 4, 2, 2
52, 4, 3, 2, 2
26, 1, 1, 2, 2
35, 2, 1, 2, 2
52, 1, 1, 2, 2
42, 4, 1, 2, 2
33, 4, 3, 2, 2
21, 4, 6, 2, 2
41, 1, 6, 2, 2
15, 1, 4, 2, 2
31, 4, 3, 1, 1
52, 2, 1, 2, 2
24, 1, 6, 2, 2
35, 1, 4, 2, 2
35, 1, 1, 2, 2
43, 1, 6, 2, 1
52, 1, 6, 2, 1
35, 4, 5, 2, 2
33, 2, 5, 2, 2
41, 1, 2, 2, 2
23, 4, 6, 2, 1
21, 4, 3, 2, 2
13, 4, 4, 2, 2
32, 2, 6, 2, 2
43, 2, 2, 2, 2
31, 4, 1, 2, 2
43, 1, 1, 2, 2
42, 4, 6, 2, 1
52, 1, 3, 2, 2
35, 4, 5, 2, 2
53, 1, 5, 2, 2
13, 1, 1, 2, 1
12, 1, 5, 2, 2
14, 4, 6, 2, 2
53, 1, 3, 2, 2
23, 2, 2, 2, 2
25, 1, 3, 2, 2
25, 2, 4, 2, 2
32, 4, 2, 2, 2
33, 4, 1, 2, 2
27, 1, 2, 2, 2
33, 1, 3, 2, 2
23, 4, 1, 2, 1
22, 1, 1, 2, 2
22, 4, 1, 2, 2
35, 4, 2, 2, 1
31, 4, 2, 2, 2
32, 4, 4, 2, 2
16, 4, 1, 2, 2
52, 4, 6, 2, 2
17, 4, 6, 2, 2
13, 4, 4, 2, 2
43, 4, 3, 2, 2
43, 4, 6, 2, 2
14, 1, 1, 2, 2
52, 1, 1, 2, 2
21, 4, 6, 2, 2
31, 2, 2, 2, 2
22, 4, 6, 2, 2
35, 1, 2, 2, 2
29, 4, 5, 2, 2
25, 4, 6, 2, 2
26, 4, 3, 2, 2
35, 4, 6, 2, 2
35, 4, 1, 2, 2
21, 4, 6, 2, 2
41, 4, 2, 2, 2
41, 2, 4, 2, 2
15, 4, 6, 2, 2
33, 2, 1, 2, 2
21, 4, 6, 2, 2
50, 1, 2, 1, 2
52, 1, 2, 2, 2
43, 4, 6, 2, 2
11, 4, 2, 2, 2
53, 1, 1, 2, 1
22, 1, 1, 2, 2
13, 4, 6, 2, 2
42, 4, 6, 2, 1
42, 1, 1, 2, 2
22, 1, 1, 2, 2
35, 4, 2, 2, 2
31, 4, 6, 2, 2
11, 1, 4, 2, 2
32, 2, 5, 2, 2
50, 1, 6, 2, 2
25, 1, 5, 2, 2
17, 4, 6, 2, 2
31, 4, 3, 2, 2
32, 4, 6, 2, 2
32, 2, 5, 2, 2
22, 4, 6, 2, 2
24, 4, 4, 2, 2
21, 4, 6, 2, 2
51, 1, 1, 2, 2
32, 2, 1, 2, 2
23, 4, 6, 2, 1
35, 4, 2, 2, 2
35, 1, 2, 2, 2
52, 4, 6, 1, 1
29, 2, 6, 2, 2
23, 2, 3, 2, 2
16, 1, 5, 2, 2
32, 2, 4, 2, 1
50, 1, 1, 2, 2
33, 2, 6, 2, 2
31, 1, 2, 2, 2
17, 1, 6, 2, 2
16, 1, 4, 2, 2
42, 4, 6, 2, 1
31, 4, 6, 2, 2
29, 4, 3, 2, 2
27, 4, 5, 2, 2
50, 1, 6, 2, 2
14, 4, 6, 2, 2
23, 4, 2, 2, 2
29, 4, 3, 2, 2
23, 4, 2, 2, 2
43, 4, 2, 2, 2
23, 1, 2, 1, 2
31, 4, 6, 2, 2
24, 4, 6, 2, 2
33, 1, 2, 2, 2
15, 4, 6, 2, 2
35, 4, 5, 2, 2
16, 1, 3, 2, 2
26, 1, 6, 2, 1
43, 4, 2, 2, 2
53, 1, 6, 2, 2
52, 1, 5, 2, 2
27, 1, 3, 2, 2
16, 1, 1, 2, 2
42, 4, 1, 2, 2
32, 4, 6, 2, 2
32, 4, 2, 2, 2
33, 1, 4, 2, 2
52, 2, 4, 2, 2
15, 2, 5, 2, 2
41, 2, 4, 2, 2
27, 1, 6, 2, 2
35, 1, 5, 2, 2
31, 4, 6, 2, 1
43, 4, 6, 2, 2
52, 1, 2, 2, 2
23, 4, 1, 2, 1
51, 2, 6, 2, 2
35, 2, 6, 2, 2
14, 4, 6, 2, 2
22, 1, 6, 2, 2
22, 1, 6, 2, 2
25, 1, 6, 2, 2
25, 4, 2, 2, 2
27, 1, 5, 2, 2
31, 4, 3, 2, 2
11, 1, 1, 2, 2
23, 2, 6, 2, 2
14, 1, 4, 2, 2
24, 1, 2, 2, 2
23, 1, 2, 2, 2
29, 4, 3, 2, 2
14, 1, 2, 2, 2
42, 1, 1, 2, 2
41, 4, 2, 2, 2
14, 1, 5, 2, 1
17, 4, 2, 2, 1
52, 2, 6, 2, 1
14, 4, 2, 2, 1
22, 1, 3, 2, 2
31, 1, 6, 2, 2
41, 4, 1, 2, 2
50, 1, 4, 2, 2
42, 4, 2, 2, 2
21, 4, 6, 2, 1
43, 1, 5, 2, 1
16, 2, 2, 2, 2
24, 1, 6, 2, 2
41, 4, 3, 2, 2
35, 4, 6, 2, 2
31, 1, 2, 2, 2
31, 4, 6, 2, 1
29, 1, 5, 2, 2
41, 2, 5, 2, 2
22, 3, 3, 1, 1
42, 4, 1, 2, 2
13, 4, 6, 2, 2
42, 4, 1, 1, 2
42, 4, 5, 2, 2
26, 1, 6, 2, 1
16, 1, 4, 2, 2
26, 4, 2, 2, 2
16, 4, 3, 2, 2
41, 4, 6, 2, 2
13, 2, 6, 2, 2
50, 1, 2, 2, 2
27, 4, 6, 2, 2
41, 4, 6, 2, 2
26, 4, 1, 2, 2
21, 4, 6, 2, 2
43, 2, 2, 2, 2
35, 1, 6, 2, 2
52, 4, 6, 2, 2
50, 1, 4, 2, 2
26, 4, 6, 2, 2
35, 1, 3, 2, 2
50, 1, 6, 2, 2
50, 4, 1, 2, 1
24, 4, 6, 1, 2
52, 1, 4, 2, 2
52, 4, 2, 2, 2
50, 4, 6, 2, 2
22, 4, 6, 2, 2
31, 2, 6, 2, 2
15, 1, 3, 2, 2
14, 1, 3, 2, 2
53, 1, 6, 2, 2
41, 4, 2, 2, 2
15, 4, 6, 2, 2
28, 4, 1, 2, 2
26, 4, 1, 2, 2
42, 4, 1, 2, 2
12, 1, 3, 2, 2
31, 4, 6, 2, 2
15, 1, 3, 2, 2
16, 2, 4, 2, 2
15, 2, 5, 2, 2
42, 1, 1, 2, 2
26, 2, 6, 2, 2
42, 4, 6, 2, 1
41, 2, 1, 2, 2
15, 2, 6, 2, 2
27, 4, 2, 2, 2
43, 4, 3, 2, 2
28, 1, 3, 2, 2
12, 4, 5, 2, 2
21, 2, 4, 2, 2
31, 3, 5, 2, 2
53, 1, 4, 2, 2
15, 4, 4, 2, 2
15, 4, 4, 2, 2
28, 2, 2, 2, 2
52, 2, 6, 1, 2
51, 4, 6, 2, 2
42, 4, 3, 2, 2
42, 1, 1, 2, 2
13, 4, 6, 1, 2
11, 4, 1, 2, 2
15, 4, 4, 2, 2
32, 2, 6, 2, 2
23, 4, 6, 2, 2
43, 2, 6, 2, 2
24, 4, 6, 2, 2
27, 4, 2, 2, 2
26, 2, 6, 2, 2
13, 4, 6, 2, 2
43, 2, 6, 2, 2
27, 4, 2, 2, 2
31, 4, 3, 2, 2
35, 4, 3, 2, 2
23, 1, 4, 2, 1
24, 1, 4, 2, 2
29, 2, 6, 2, 2
35, 1, 4, 2, 2
22, 1, 4, 2, 2
52, 1, 1, 2, 2
22, 4, 2, 1, 2
22, 3, 5, 1, 2
32, 4, 3, 1, 2
51, 1, 2, 1, 2
31, 4, 6, 2, 2
32, 4, 1, 2, 2
21, 4, 3, 2, 2
42, 4, 1, 2, 1
32, 1, 3, 2, 2
26, 4, 1, 1, 2
42, 1, 1, 2, 2
22, 1, 3, 2, 2
27, 4, 1, 2, 2
41, 1, 5, 2, 2
32, 2, 2, 2, 2
41, 4, 6, 2, 2
24, 1, 5, 2, 2
52, 2, 6, 2, 1
11, 1, 3, 2, 2
41, 2, 5, 2, 2
13, 2, 6, 2, 2
27, 4, 5, 2, 2
25, 2, 6, 2, 2
41, 4, 6, 2, 1
23, 1, 6, 2, 1
35, 4, 4, 2, 1
41, 4, 4, 2, 2
33, 2, 4, 2, 2
41, 4, 1, 2, 2
42, 4, 6, 2, 2
24, 4, 1, 2, 2
41, 2, 3, 2, 2
32, 4, 4, 2, 2
35, 2, 1, 2, 2
41, 4, 1, 2, 2
43, 2, 6, 2, 2
43, 4, 5, 2, 2
21, 4, 6, 2, 2
42, 4, 3, 2, 2
24, 1, 6, 2, 2
15, 4, 4, 2, 2
25, 4, 6, 1, 1
21, 1, 5, 2, 2
24, 1, 6, 2, 1
52, 4, 6, 1, 1
50, 4, 4, 2, 2
11, 1, 5, 2, 2
43, 4, 6, 2, 1
23, 2, 6, 2, 2
22, 4, 6, 2, 2
26, 1, 6, 2, 2
14, 1, 2, 1, 2
31, 3, 2, 2, 2
14, 4, 3, 2, 2
52, 1, 2, 2, 2
33, 4, 5, 2, 2
51, 1, 6, 2, 2
23, 4, 1, 2, 2
50, 1, 4, 2, 2
31, 2, 5, 2, 2
14, 4, 2, 2, 2
14, 1, 4, 2, 2
33, 2, 6, 2, 2
42, 1, 3, 2, 2
41, 4, 2, 2, 2
26, 2, 6, 2, 2
53, 1, 3, 2, 1
25, 1, 3, 2, 2
32, 2, 6, 2, 2
52, 4, 2, 2, 2
50, 4, 1, 2, 2
17, 4, 1, 2, 2
23, 1, 6, 2, 2
31, 2, 4, 2, 2
26, 4, 3, 2, 2
43, 1, 6, 2, 2
12, 4, 2, 2, 2
16, 1, 2, 2, 2
21, 4, 6, 2, 1
29, 4, 5, 2, 1
14, 1, 3, 1, 2
32, 4, 6, 2, 2
11, 4, 1, 1, 2
23, 2, 6, 2, 2
24, 4, 6, 2, 2
31, 1, 6, 2, 2
52, 2, 5, 2, 2
35, 1, 4, 2, 1
27, 4, 5, 2, 2
22, 4, 6, 2, 2
50, 1, 6, 2, 2
29, 1, 6, 2, 2
27, 1, 4, 2, 2
35, 4, 1, 2, 2
27, 1, 3, 2, 2
24, 1, 6, 2, 2
15, 4, 2, 2, 2
26, 2, 3, 2, 2
21, 4, 3, 2, 2
35, 1, 2, 2, 2
13, 4, 3, 2, 2
42, 4, 2, 2, 2
25, 4, 6, 2, 2
13, 1, 2, 2, 1
24, 4, 2, 2, 2
51, 4, 6, 2, 2
23, 4, 6, 2, 2
24, 4, 2, 2, 2
15, 4, 3, 1, 2
27, 2, 6, 2, 2
15, 2, 4, 2, 2
41, 1, 1, 2, 2
32, 2, 6, 2, 2
43, 4, 5, 1, 1
21, 4, 6, 2, 2
32, 1, 3, 2, 2
24, 1, 6, 2, 2
51, 4, 1, 2, 2
21, 4, 6, 2, 1
35, 2, 6, 2, 2
17, 4, 3, 2, 2
33, 2, 3, 2, 2
15, 4, 2, 2, 2
35, 4, 3, 2, 1
29, 4, 4, 2, 1
33, 2, 2, 2, 1
24, 4, 2, 2, 2
32, 1, 4, 2, 2
28, 4, 2, 2, 2
53, 1, 3, 1, 2
52, 1, 2, 2, 2
41, 4, 6, 2, 2
17, 1, 6, 2, 2
29, 4, 3, 2, 2
32, 4, 6, 1, 2
52, 2, 6, 2, 2
31, 2, 3, 2, 2
27, 4, 6, 2, 2
23, 1, 6, 2, 1
31, 4, 3, 2, 2
43, 4, 5, 2, 2
42, 2, 5, 2, 2
13, 1, 1, 2, 2
31, 1, 5, 1, 1
27, 2, 2, 2, 2
17, 4, 3, 2, 2
27, 1, 2, 2, 2
35, 1, 3, 2, 2
35, 1, 6, 2, 2
42, 4, 6, 2, 2
33, 2, 4, 2, 2
35, 1, 2, 2, 2
35, 2, 3, 2, 2
15, 4, 6, 2, 1
41, 4, 6, 2, 1
28, 1, 1, 1, 2
43, 4, 2, 2, 2
41, 2, 2, 2, 2
51, 4, 1, 2, 2
21, 4, 6, 2, 2
27, 4, 6, 2, 2
24, 4, 2, 2, 1
22, 4, 6, 2, 2
14, 1, 6, 2, 2
15, 2, 2, 2, 2
41, 4, 2, 2, 2
27, 1, 2, 2, 2
42, 4, 2, 2, 2
11, 4, 6, 1, 1
35, 1, 2, 2, 2
26, 2, 6, 2, 2
50, 4, 1, 2, 2
24, 4, 1, 2, 2
43, 1, 6, 2, 1
35, 4, 6, 2, 2
29, 1, 6, 2, 1
31, 4, 1, 2, 2
43, 4, 3, 1, 2
14, 1, 1, 2, 2
42, 4, 6, 2, 2
53, 1, 3, 2, 2
41, 4, 3, 2, 2
41, 2, 1, 2, 2
14, 4, 4, 2, 2
24, 4, 6, 2, 2
32, 4, 1, 2, 2
41, 2, 6, 2, 2
21, 4, 2, 2, 2
51, 4, 6, 2, 2
52, 1, 6, 2, 1
52, 4, 1, 2, 2
24, 1, 5, 2, 2
31, 4, 3, 2, 2
42, 4, 6, 2, 2
43, 4, 1, 2, 2
26, 1, 6, 2, 2
52, 4, 2, 2, 2
14, 1, 6, 2, 2
31, 1, 1, 2, 2
26, 4, 6, 2, 2
31, 4, 6, 2, 2
41, 4, 6, 2, 2
13, 4, 6, 2, 2
26, 4, 1, 2, 2
53, 1, 2, 2, 2
12, 1, 4, 2, 2
41, 4, 6, 2, 2
25, 4, 4, 2, 2
43, 1, 3, 1, 1
32, 1, 5, 2, 2
24, 4, 6, 2, 2
12, 1, 6, 2, 2
21, 2, 4, 2, 2
16, 1, 2, 2, 2
53, 1, 2, 1, 2
33, 1, 6, 2, 2
26, 4, 4, 2, 2
32, 4, 5, 2, 2
51, 1, 1, 2, 2
27, 1, 2, 2, 2
22, 4, 6, 2, 2
17, 4, 6, 2, 2
11, 1, 6, 2, 2
26, 4, 2, 2, 2
12, 4, 6, 2, 2
50, 4, 6, 2, 2
41, 2, 6, 2, 2
14, 4, 6, 2, 2
31, 1, 2, 2, 2
27, 4, 2, 2, 2
21, 4, 6, 2, 2
42, 4, 4, 2, 2
17, 1, 5, 1, 1
35, 1, 1, 2, 2
35, 1, 4, 2, 2
13, 1, 3, 2, 2
26, 4, 6, 2, 2
31, 4, 2, 2, 2
41, 4, 5, 2, 2
33, 1, 6, 2, 2
21, 4, 1, 2, 2
42, 2, 4, 2, 2
43, 4, 1, 2, 2
52, 1, 1, 2, 1
31, 1, 6, 2, 2
42, 4, 4, 2, 2
31, 2, 4, 1, 2
51, 4, 2, 2, 1
24, 1, 6, 2, 2
50, 1, 1, 2, 2
32, 2, 3, 2, 2
52, 4, 6, 2, 2
35, 4, 6, 2, 1
26, 4, 1, 1, 2
43, 1, 4, 1, 2
52, 2, 2, 2, 2
35, 1, 3, 2, 1
12, 4, 3, 2, 2
22, 4, 1, 2, 2
31, 2, 6, 2, 2
43, 1, 6, 2, 2
29, 1, 4, 2, 2
43, 4, 6, 2, 2
31, 4, 6, 2, 2
26, 1, 5, 2, 2
28, 4, 6, 2, 2
26, 4, 4, 2, 2
28, 4, 2, 2, 2
21, 4, 6, 1, 2
33, 2, 6, 2, 2
35, 4, 5, 2, 2
50, 4, 1, 2, 2
23, 4, 6, 2, 2
12, 1, 5, 2, 2
11, 4, 1, 2, 2
29, 4, 6, 2, 1
13, 2, 1, 2, 2
43, 4, 3, 1, 2
27, 1, 1, 2, 2
31, 1, 1, 2, 2
24, 1, 4, 1, 2
14, 1, 6, 1, 2
28, 4, 6, 2, 2
43, 4, 3, 2, 1
51, 1, 1, 2, 2
43, 4, 1, 2, 2
16, 4, 1, 2, 2
14, 4, 1, 2, 2
23, 4, 6, 2, 2
29, 2, 6, 2, 2
11, 4, 2, 2, 2
32, 4, 6, 2, 2
51, 4, 3, 2, 2
35, 1, 1, 2, 2
13, 4, 2, 2, 2
15, 1, 2, 2, 2
50, 4, 4, 2, 2
26, 4, 1, 2, 2
41, 4, 2, 2, 2
33, 1, 5, 2, 2
12, 1, 6, 2, 1
42, 1, 6, 2, 1
24, 4, 6, 2, 2
35, 2, 3, 2, 2
12, 1, 3, 2, 2
26, 4, 3, 2, 2
15, 4, 2, 2, 2
23, 4, 3, 2, 2
25, 4, 4, 2, 2
33, 2, 4, 2, 2
31, 4, 6, 2, 2
52, 1, 3, 2, 2
31, 1, 1, 2, 1
42, 1, 5, 2, 2
41, 2, 2, 2, 2
33, 4, 6, 2, 2
15, 4, 6, 2, 2
41, 1, 3, 2, 1
12, 1, 2, 2, 2
13, 1, 6, 2, 2
35, 4, 5, 2, 2
43, 4, 6, 2, 1
11, 4, 1, 2, 2
42, 4, 4, 2, 2
26, 4, 6, 2, 2
52, 1, 1, 2, 2
43, 2, 6, 2, 2
13, 1, 6, 2, 1
26, 2, 6, 2, 2
27, 4, 6, 2, 2
33, 2, 6, 2, 2
33, 1, 6, 2, 2
50, 4, 2, 2, 2
33, 2, 5, 2, 2
12, 4, 2, 2, 2
23, 4, 6, 2, 2
33, 4, 6, 2, 2
27, 2, 3, 2, 2
33, 2, 5, 2, 2
43, 4, 6, 2, 2
52, 2, 1, 2, 2
31, 4, 3, 2, 2
52, 1, 6, 2, 1
52, 3, 4, 1, 2
52, 3, 1, 2, 2
53, 1, 3, 2, 1
41, 4, 6, 2, 2
23, 4, 6, 2, 2
25, 1, 2, 2, 2
31, 2, 2, 2, 2
41, 4, 5, 2, 1
33, 1, 4, 2, 2
26, 1, 6, 2, 2
22, 4, 1, 1, 2
33, 2, 3, 2, 2
17, 1, 1, 2, 2
21, 4, 6, 2, 2
11, 1, 2, 2, 2
31, 1, 6, 2, 2
23, 4, 2, 2, 2
23, 4, 5, 1, 2
51, 4, 6, 2, 2
41, 4, 6, 2, 2
21, 4, 6, 2, 2
24, 4, 1, 2, 2
21, 4, 6, 2, 2
32, 4, 3, 2, 2
33, 1, 4, 2, 2
21, 4, 6, 2, 2
32, 4, 6, 2, 2
26, 4, 4, 2, 2
50, 1, 2, 2, 2
53, 1, 6, 2, 2
12, 4, 5, 2, 2
17, 4, 1, 2, 2
31, 4, 6, 2, 2
21, 4, 1, 2, 2
25, 4, 2, 1, 2
22, 4, 6, 2, 2
41, 2, 6, 2, 2
23, 1, 2, 2, 2
41, 2, 1, 2, 1
50, 1, 1, 2, 1
52, 4, 6, 2, 2
11, 4, 1, 2, 1
33, 1, 1, 2, 2
13, 4, 5, 2, 2
42, 2, 3, 2, 2
25, 1, 2, 2, 2
52, 2, 2, 2, 2
24, 1, 6, 1, 2
33, 2, 2, 2, 2
16, 1, 2, 2, 2
42, 2, 1, 2, 2
23, 2, 1, 2, 2
42, 1, 3, 2, 2
23, 4, 6, 2, 2
50, 1, 4, 2, 2
16, 4, 1, 2, 1
31, 4, 1, 2, 2
51, 4, 6, 2, 2
51, 4, 5, 2, 2
33, 1, 1, 2, 1
31, 4, 6, 1, 2
27, 4, 4, 2, 2
42, 4, 5, 2, 2
41, 4, 5, 2, 2
24, 2, 1, 2, 2
13, 4, 6, 2, 2
31, 2, 6, 2, 2
33, 1, 6, 2, 1
25, 4, 6, 2, 2
32, 4, 5, 2, 2
53, 1, 6, 2, 2
15, 1, 5, 2, 2
31, 4, 6, 2, 2
23, 4, 6, 1, 2
11, 4, 6, 2, 2
17, 1, 4, 2, 2
43, 4, 1, 2, 1
53, 1, 6, 2, 2
33, 2, 3, 1, 2
33, 1, 3, 2, 1
42, 4, 2, 2, 2
35, 1, 4, 2, 2
31, 4, 3, 1, 2
33, 1, 4, 2, 2
43, 4, 1, 2, 2
26, 4, 6, 2, 2
33, 2, 5, 2, 2
33, 1, 1, 2, 2
13, 4, 1, 2, 1
43, 4, 6, 2, 1
42, 4, 6, 2, 2
23, 4, 4, 1, 2
35, 1, 1, 2, 2
35, 1, 1, 2, 2
24, 4, 6, 2, 1
33, 1, 3, 2, 2
29, 2, 6, 1, 2
35, 1, 4, 1, 2
43, 2, 1, 2, 2
21, 4, 6, 2, 2
23, 4, 6, 1, 2
35, 4, 6, 2, 1
14, 1, 3, 2, 2
50, 4, 6, 2, 2
14, 1, 1, 2, 2
13, 2, 2, 2, 2
27, 4, 6, 2, 2
23, 1, 5, 2, 2
53, 1, 4, 2, 2
13, 1, 1, 1, 2
50, 4, 6, 2, 2
33, 1, 1, 1, 2
43, 1, 6, 2, 2
33, 1, 1, 2, 2
13, 4, 6, 2, 2
16, 2, 3, 2, 2
51, 1, 1, 2, 2
26, 4, 1, 2, 2
23, 4, 4, 2, 2
23, 4, 1, 2, 2
51, 4, 6, 2, 2
33, 1, 2, 2, 2
31, 1, 2, 2, 2
25, 1, 2, 1, 2
33, 4, 6, 2, 2
16, 1, 5, 2, 2
28, 2, 1, 2, 2
33, 1, 5, 2, 2
50, 4, 1, 2, 2
12, 1, 6, 2, 2
33, 2, 2, 2, 2
35, 1, 3, 2, 2
22, 4, 4, 2, 2
12, 1, 1, 2, 2
15, 2, 5, 2, 2
32, 2, 4, 2, 2
15, 4, 6, 2, 2
22, 1, 2, 2, 2
32, 1, 4, 2, 2
32, 4, 2, 2, 2
35, 1, 2, 2, 2
22, 1, 6, 2, 2
23, 4, 1, 2, 2
16, 4, 6, 2, 2
33, 1, 6, 2, 2
24, 4, 2, 2, 2
41, 4, 6, 1, 2
41, 4, 3, 1, 2
26, 4, 6, 2, 2
41, 4, 2, 2, 2
22, 3, 6, 2, 2
24, 1, 6, 2, 2
15, 4, 6, 2, 2
33, 2, 1, 2, 1
35, 1, 2, 2, 2
11, 4, 2, 2, 2
35, 1, 1, 2, 1
27, 1, 6, 2, 2
42, 4, 4, 2, 2
51, 4, 1, 2, 2
42, 4, 1, 2, 2
33, 4, 4, 2, 2
33, 1, 1, 2, 2
31, 2, 2, 2, 2
12, 1, 6, 2, 2
12, 4, 6, 2, 2
35, 4, 3, 2, 2
31, 4, 1, 2, 2
53, 1, 5, 2, 2
52, 1, 1, 2, 2
31, 3, 3, 2, 2
50, 1, 2, 1, 2
11, 4, 4, 2, 2
26, 2, 6, 2, 1
31, 4, 6, 2, 2
35, 1, 1, 2, 2
27, 1, 1, 2, 2
53, 1, 6, 2, 1
12, 4, 6, 2, 2
26, 2, 6, 2, 2
42, 4, 2, 2, 2
21, 4, 3, 2, 2
29, 2, 3, 2, 2
28, 1, 3, 1, 2
13, 4, 2, 2, 2
52, 2, 1, 2, 2
50, 4, 6, 2, 2
33, 1, 6, 2, 2
29, 4, 2, 2, 2
31, 1, 1, 2, 2
13, 1, 6, 2, 2
31, 4, 6, 2, 2
51, 4, 3, 2, 2
33, 2, 4, 2, 2
31, 2, 6, 1, 2
13, 1, 3, 2, 2
21, 4, 6, 2, 2
41, 4, 1, 2, 2
26, 4, 5, 2, 2
52, 4, 6, 2, 2
41, 4, 1, 2, 2
53, 1, 2, 2, 2
21, 4, 6, 2, 2
23, 1, 2, 2, 2
27, 4, 1, 2, 2
11, 1, 1, 2, 2
16, 1, 1, 2, 2
13, 1, 6, 2, 2
33, 1, 5, 2, 2
42, 4, 1, 2, 2
33, 2, 6, 2, 2
41, 4, 6, 2, 2
43, 1, 6, 2, 2
27, 4, 6, 2, 2
13, 4, 6, 2, 2
17, 4, 6, 2, 2
32, 2, 3, 2, 2
41, 4, 6, 2, 2
50, 4, 6, 1, 1
14, 1, 2, 2, 2
15, 4, 2, 2, 2
33, 4, 1, 2, 2
23, 4, 3, 2, 2
11, 1, 3, 2, 2
41, 4, 6, 1, 2
41, 4, 4, 2, 2
33, 2, 6, 2, 2
41, 4, 1, 2, 2
26, 4, 6, 2, 1
16, 1, 1, 2, 2
15, 4, 1, 2, 2
26, 4, 6, 2, 2
27, 1, 2, 2, 2
21, 4, 6, 2, 2
50, 4, 6, 2, 2
25, 4, 1, 2, 2
33, 1, 6, 2, 2
43, 4, 6, 2, 1
25, 4, 2, 2, 2
42, 1, 1, 1, 2
35, 4, 4, 2, 2
14, 1, 3, 2, 2
16, 1, 6, 2, 2
21, 3, 6, 2, 2
21, 4, 6, 2, 2
43, 2, 6, 2, 2
15, 4, 6, 2, 2
23, 4, 6, 2, 2
26, 2, 6, 2, 1
33, 2, 1, 2, 2
13, 1, 6, 2, 2
35, 2, 6, 2, 2
27, 4, 6, 2, 2
31, 4, 6, 2, 2
23, 1, 6, 2, 2
28, 1, 4, 1, 2
14, 1, 6, 2, 1
12, 1, 2, 2, 2
33, 4, 1, 2, 2
13, 4, 6, 2, 2
13, 1, 3, 2, 1
41, 1, 4, 1, 2
33, 4, 1, 2, 1
35, 2, 6, 2, 1
33, 2, 2, 2, 2
52, 4, 1, 2, 2
14, 1, 2, 2, 2
11, 1, 4, 2, 2
42, 2, 2, 2, 1
11, 4, 2, 2, 2
43, 4, 1, 2, 2
42, 4, 1, 2, 1
52, 1, 6, 2, 1
41, 1, 5, 2, 2
31, 2, 2, 2, 2
33, 4, 6, 2, 2
11, 4, 6, 2, 2
42, 4, 4, 2, 2
35, 2, 2, 2, 2
22, 1, 6, 2, 2
26, 1, 1, 2, 1
21, 1, 2, 2, 2
31, 4, 1, 2, 2
32, 2, 6, 1, 1
12, 1, 2, 2, 2
14, 4, 6, 2, 2
33, 1, 6, 2, 2
41, 4, 6, 2, 1
32, 4, 4, 2, 2
17, 4, 6, 2, 2
15, 1, 1, 2, 2
51, 4, 6, 2, 2
23, 2, 5, 2, 2
29, 4, 6, 2, 2
13, 1, 4, 2, 2
43, 4, 6, 2, 2
32, 1, 1, 2, 2
23, 4, 3, 2, 2
15, 4, 1, 2, 2
35, 1, 2, 2, 2
29, 1, 2, 2, 2
43, 4, 6, 1, 2
35, 4, 6, 2, 2
41, 4, 6, 2, 2
43, 2, 4, 2, 2
15, 4, 6, 2, 2
41, 4, 1, 2, 2
28, 1, 1, 2, 1
42, 4, 6, 2, 2
16, 1, 6, 2, 2
13, 1, 6, 2, 2
14, 4, 4, 2, 2
35, 4, 1, 2, 2
33, 4, 4, 2, 2
52, 1, 6, 2, 1
35, 4, 5, 2, 2
14, 1, 5, 2, 2
35, 2, 2, 2, 2
27, 1, 6, 2, 2
22, 1, 6, 2, 2
41, 1, 1, 2, 2
32, 4, 2, 2, 2
41, 4, 1, 2, 2
43, 4, 1, 2, 2
23, 4, 3, 2, 2
22, 4, 1, 2, 2
21, 1, 2, 2, 2
43, 1, 6, 2, 1
24, 4, 4, 2, 2
51, 1, 4, 2, 2
50, 4, 2, 2, 2
21, 4, 4, 2, 2
35, 1, 1, 2, 2
41, 4, 1, 2, 2
51, 2, 6, 2, 2
23, 1, 1, 1, 1
53, 1, 2, 2, 2
15, 1, 3, 2, 2
21, 4, 6, 2, 2
43, 4, 1, 2, 2
42, 1, 4, 2, 1
28, 1, 1, 2, 2
32, 1, 1, 2, 2
41, 4, 1, 2, 2
24, 2, 6, 2, 2
31, 1, 6, 2, 2
42, 4, 2, 2, 2
35, 2, 3, 1, 2
42, 2, 2, 2, 2
13, 1, 2, 2, 2
14, 1, 2, 2, 2
12, 1, 3, 2, 2
29, 4, 6, 2, 2
35, 1, 6, 2, 2
33, 1, 6, 2, 2
33, 4, 1, 2, 1
41, 2, 4, 2, 2
35, 4, 6, 2, 2
25, 4, 4, 2, 2
43, 1, 4, 2, 2
33, 2, 6, 2, 2
42, 4, 6, 2, 2
17, 4, 6, 2, 2
15, 1, 6, 2, 2
26, 1, 6, 2, 2
26, 4, 1, 2, 2
14, 4, 2, 2, 2
41, 2, 6, 2, 2
33, 2, 6, 2, 2
26, 1, 6, 2, 2
42, 4, 3, 2, 1
24, 1, 1, 2, 2
42, 4, 2, 2, 2
25, 4, 6, 2, 2
32, 2, 6, 2, 2
35, 2, 6, 2, 1
15, 4, 5, 2, 2
42, 2, 1, 2, 1
52, 2, 4, 2, 2
42, 4, 1, 2, 2
15, 1, 4, 2, 2
17, 4, 2, 2, 2
32, 2, 1, 2, 2
14, 1, 3, 2, 2
29, 4, 1, 2, 2
13, 4, 1, 2, 2
32, 4, 6, 2, 1
11, 4, 6, 1, 2
33, 1, 1, 2, 1
51, 1, 6, 1, 2
29, 2, 6, 2, 2
41, 1, 2, 2, 2
50, 4, 2, 2, 2
11, 1, 1, 2, 2
14, 4, 6, 2, 2
33, 1, 3, 2, 2
43, 4, 2, 2, 2
25, 2, 4, 2, 2
33, 2, 1, 2, 2
31, 4, 6, 2, 2
52, 4, 3, 2, 2
28, 4, 2, 2, 1
14, 4, 2, 2, 2
35, 4, 1, 2, 2
23, 2, 6, 2, 2
33, 2, 2, 2, 2
13, 4, 6, 2, 2
53, 1, 3, 2, 2
43, 2, 2, 2, 2
11, 4, 6, 2, 2
41, 4, 4, 2, 2
17, 4, 6, 2, 2
11, 4, 1, 2, 2
35, 4, 6, 2, 2
51, 4, 1, 2, 2
28, 2, 6, 2, 2
15, 4, 4, 2, 2
35, 4, 6, 2, 1
27, 4, 1, 2, 1
31, 4, 6, 2, 2
31, 2, 6, 2, 2
17, 1, 3, 2, 2
53, 1, 5, 2, 2
22, 3, 1, 2, 1
41, 4, 4, 2, 2
15, 1, 4, 2, 2
25, 4, 6, 2, 2
22, 4, 4, 2, 2
50, 1, 2, 2, 2
15, 4, 6, 2, 2
29, 2, 6, 2, 2
15, 4, 1, 2, 2
25, 4, 6, 2, 2
41, 4, 2, 2, 2
15, 4, 6, 2, 2
26, 4, 4, 2, 2
25, 4, 5, 2, 2
33, 1, 4, 1, 2
15, 4, 6, 2, 2
33, 2, 5, 2, 2
29, 4, 6, 2, 1
52, 1, 5, 2, 1
24, 4, 6, 2, 2
31, 1, 6, 2, 2
42, 4, 6, 2, 2
21, 4, 6, 1, 2
17, 4, 4, 2, 2
35, 2, 3, 2, 2
24, 1, 1, 2, 2
42, 4, 1, 2, 2
52, 4, 6, 2, 2
23, 2, 6, 1, 2
32, 2, 1, 2, 2
25, 4, 6, 2, 2
15, 1, 4, 2, 1
43, 1, 1, 2, 2
35, 4, 1, 2, 2
25, 4, 1, 2, 1
35, 1, 6, 2, 2
17, 4, 6, 2, 2
31, 4, 6, 1, 1
23, 4, 6, 2, 2
22, 4, 3, 2, 2
25, 1, 2, 2, 2
14, 1, 3, 1, 2
33, 2, 6, 2, 2
35, 1, 4, 2, 2
14, 4, 6, 2, 2
14, 4, 2, 2, 2
51, 1, 4, 2, 2
53, 1, 6, 2, 2
27, 1, 6, 2, 2
29, 2, 1, 2, 2
53, 1, 6, 2, 1
51, 4, 6, 2, 2
33, 1, 1, 1, 2
42, 4, 6, 2, 2
32, 2, 5, 2, 2
21, 4, 6, 2, 2
24, 4, 1, 2, 2
42, 1, 5, 1, 2
52, 4, 5, 2, 2
33, 4, 2, 2, 2
41, 4, 6, 2, 1
51, 1, 3, 2, 2
26, 4, 6, 2, 2
31, 4, 2, 2, 2
43, 2, 6, 2, 2
31, 2, 2, 2, 2
52, 1, 3, 2, 2
28, 2, 1, 2, 2
24, 4, 4, 2, 2
23, 4, 3, 2, 2
17, 4, 4, 2, 2
23, 4, 6, 1, 2
17, 4, 6, 2, 2
50, 1, 5, 2, 2
42, 1, 1, 2, 1
12, 1, 5, 2, 2
41, 4, 2, 2, 1
33, 4, 2, 2, 1
23, 2, 2, 2, 2
23, 4, 6, 1, 2
33, 2, 6, 2, 2
23, 2, 6, 2, 2
50, 1, 5, 2, 2
32, 4, 3, 2, 2
11, 1, 4, 2, 1
41, 2, 6, 2, 1
15, 4, 6, 2, 2
21, 4, 6, 2, 2
43, 1, 6, 2, 2
32, 4, 6, 2, 2
41, 2, 1, 2, 2
21, 4, 6, 2, 2
35, 4, 6, 2, 2
29, 1, 5, 2, 2
15, 1, 1, 2, 2
28, 1, 6, 2, 2
23, 2, 6, 2, 2
32, 1, 2, 2, 2
15, 4, 6, 2, 2
22, 4, 2, 2, 2
29, 4, 1, 2, 1
15, 1, 6, 2, 2
14, 1, 4, 2, 2
28, 4, 2, 2, 2
21, 1, 3, 2, 2
33, 1, 4, 2, 1
35, 4, 2, 2, 2
13, 4, 2, 2, 2
16, 1, 5, 2, 2
23, 2, 6, 1, 2
42, 4, 6, 2, 2
21, 4, 2, 2, 2
25, 1, 6, 2, 2
23, 1, 2, 2, 2
21, 4, 3, 1, 2
33, 1, 2, 2, 2
35, 4, 6, 2, 2
17, 1, 6, 1, 2
17, 1, 2, 2, 2
31, 1, 6, 2, 2
41, 4, 6, 2, 2
27, 4, 2, 2, 2
14, 1, 4, 2, 2
29, 1, 2, 2, 2
16, 1, 2, 2, 1
31, 4, 1, 1, 2
11, 1, 3, 2, 2
50, 4, 1, 2, 2
26, 4, 6, 2, 2
22, 1, 1, 2, 2
11, 1, 6, 2, 2
52, 4, 6, 2, 2
41, 4, 1, 2, 2
29, 2, 2, 2, 2
21, 3, 6, 2, 2
43, 2, 6, 2, 2
29, 1, 6, 2, 2
21, 4, 6, 2, 2
41, 2, 2, 2, 2
25, 4, 6, 2, 2
51, 2, 4, 2, 2
31, 4, 6, 2, 2
17, 1, 1, 2, 2
27, 1, 2, 2, 2
15, 1, 6, 2, 2
33, 2, 2, 2, 2
35, 4, 4, 2, 2
41, 1, 3, 2, 2
13, 4, 3, 2, 2
52, 4, 1, 2, 2
33, 1, 4, 2, 2
14, 1, 1, 2, 2
21, 4, 5, 2, 2
32, 2, 1, 2, 2
41, 2, 3, 2, 2
31, 4, 6, 2, 2
21, 4, 6, 2, 2
14, 4, 6, 1, 2
23, 1, 6, 2, 2
52, 1, 4, 2, 2
25, 4, 5, 2, 2
13, 4, 6, 2, 2
32, 4, 1, 2, 2
11, 4, 6, 2, 2
31, 4, 6, 2, 2
26, 1, 1, 2, 1
21, 4, 6, 2, 2
31, 2, 6, 1, 1
29, 2, 1, 2, 2
29, 1, 2, 2, 2
31, 4, 6, 1, 2
12, 4, 2, 2, 2
23, 4, 6, 2, 2
53, 1, 4, 2, 1
21, 3, 6, 2, 2
12, 1, 5, 2, 2
51, 4, 3, 2, 2
14, 1, 2, 2, 2
24, 1, 1, 2, 2
13, 2, 6, 1, 2
29, 1, 1, 2, 2
35, 1, 5, 2, 2
11, 4, 1, 1, 2
52, 3, 6, 2, 2
41, 4, 3, 2, 2
15, 2, 1, 1, 1
28, 4, 3, 2, 1
35, 1, 5, 2, 2
31, 1, 1, 2, 2
29, 2, 6, 2, 2
14, 1, 6, 2, 2
52, 4, 6, 2, 2
43, 4, 6, 2, 2
35, 1, 6, 2, 2
41, 2, 6, 2, 2
26, 1, 1, 2, 2
27, 1, 1, 2, 2
43, 4, 6, 2, 2
41, 4, 3, 2, 2
50, 4, 2, 2, 2
33, 2, 5, 2, 2
35, 4, 6, 2, 1
41, 1, 4, 2, 2
31, 4, 6, 2, 2
28, 4, 6, 2, 2
24, 1, 1, 2, 2
33, 2, 4, 2, 2
29, 2, 6, 2, 2
53, 1, 2, 2, 2
42, 4, 6, 2, 2
42, 4, 2, 2, 2
17, 1, 3, 2, 2
32, 4, 2, 2, 2
29, 1, 1, 2, 2
26, 4, 5, 2, 2
32, 2, 6, 2, 1
24, 1, 1, 2, 2
26, 1, 2, 2, 2
52, 4, 1, 2, 2
13, 4, 6, 2, 2
11, 4, 1, 2, 1
26, 4, 6, 2, 1
28, 1, 6, 2, 2
33, 1, 3, 2, 2
13, 1, 6, 2, 2
31, 4, 4, 2, 2
22, 4, 6, 2, 1
33, 1, 6, 2, 2
13, 1, 1, 2, 2
21, 4, 5, 1, 2
31, 4, 6, 1, 2
11, 1, 6, 2, 2
53, 1, 2, 2, 2
35, 1, 1, 1, 1
43, 1, 2, 2, 2
23, 4, 6, 2, 2
13, 4, 6, 2, 2
12, 4, 2, 2, 2
53, 1, 6, 1, 2
14, 1, 6, 2, 2
23, 4, 6, 2, 2
43, 4, 6, 2, 2
21, 4, 2, 2, 2
17, 4, 1, 2, 2
50, 4, 6, 2, 2
23, 4, 6, 2, 2
13, 4, 6, 2, 2
35, 1, 3, 2, 2
43, 4, 6, 2, 2
25, 2, 1, 2, 2
29, 4, 2, 2, 2
13, 2, 2, 2, 2
14, 1, 3, 2, 2
23, 4, 6, 2, 2
28, 1, 5, 2, 2
21, 4, 6, 2, 2
31, 4, 1, 2, 2
23, 1, 6, 2, 2
35, 4, 5, 2, 2
25, 1, 3, 2, 2
28, 4, 6, 2, 2
52, 4, 5, 2, 2
31, 4, 2, 2, 2
17, 4, 2, 2, 2
51, 1, 1, 2, 2
51, 1, 1, 2, 2
26, 4, 6, 2, 2
43, 2, 3, 2, 2
52, 1, 1, 2, 1
13, 1, 2, 2, 2
32, 2, 2, 1, 2
14, 1, 6, 2, 2
32, 2, 6, 2, 2
35, 1, 2, 2, 2
29, 1, 1, 2, 2
22, 1, 1, 2, 1
25, 2, 1, 2, 1
11, 4, 6, 2, 2
24, 1, 3, 2, 2
23, 4, 6, 2, 2
23, 2, 5, 1, 2
23, 4, 1, 2, 2
53, 1, 1, 2, 2
35, 4, 2, 2, 2
52, 1, 2, 2, 2
13, 1, 1, 2, 2
33, 4, 2, 1, 2
14, 1, 1, 1, 2
26, 2, 6, 2, 2
12, 1, 6, 2, 2
31, 1, 4, 2, 2
14, 4, 6, 2, 2
17, 4, 6, 2, 2
52, 1, 3, 2, 2
13, 1, 1, 2, 2
51, 4, 3, 2, 2
29, 2, 6, 2, 2
13, 2, 3, 2, 2
23, 4, 6, 1, 2
35, 1, 4, 2, 2
27, 1, 1, 2, 2
31, 2, 6, 2, 1
25, 4, 4, 2, 2
16, 1, 1, 2, 2
15, 1, 5, 2, 2
41, 2, 6, 2, 2
35, 1, 6, 2, 1
14, 4, 1, 2, 2
13, 4, 6, 2, 2
15, 4, 1, 2, 2
21, 4, 4, 2, 2
33, 4, 1, 2, 1
29, 1, 6, 2, 2
42, 4, 2, 2, 2
26, 4, 6, 2, 2
42, 2, 5, 2, 1
13, 1, 2, 2, 2
15, 4, 2, 2, 2
21, 4, 6, 2, 2
43, 4, 6, 2, 2
26, 4, 6, 2, 2
11, 4, 2, 2, 2
35, 4, 1, 2, 2
28, 4, 6, 2, 2
33, 2, 4, 2, 2
35, 1, 5, 2, 2
14, 1, 6, 2, 1
25, 4, 2, 2, 2
35, 1, 6, 2, 2
33, 2, 6, 2, 1
16, 1, 4, 2, 2
26, 2, 6, 2, 2
25, 1, 2, 2, 2
14, 1, 3, 2, 2
26, 2, 4, 2, 2
13, 4, 2, 2, 2
31, 1, 1, 2, 2
35, 4, 1, 2, 2
35, 1, 2, 2, 2
52, 2, 1, 1, 1
41, 4, 6, 2, 1
23, 4, 6, 2, 2
21, 4, 6, 2, 2
27, 4, 1, 2, 2
11, 1, 4, 2, 2
16, 1, 2, 2, 2
33, 4, 6, 2, 2
31, 4, 6, 2, 2
42, 2, 1, 2, 2
24, 4, 2, 2, 2
21, 4, 5, 2, 2
29, 4, 6, 2, 2
21, 4, 1, 2, 2
31, 4, 6, 2, 1
35, 1, 3, 2, 2
14, 4, 4, 2, 2
26, 2, 6, 2, 2
32, 2, 6, 2, 1
21, 4, 6, 2, 2
14, 4, 2, 2, 2
31, 2, 3, 2, 2
35, 1, 2, 2, 2
14, 1, 6, 2, 1
22, 4, 4, 2, 2
12, 1, 2, 2, 1
35, 1, 5, 1, 1
23, 2, 1, 2, 2
16, 2, 3, 2, 2
26, 4, 2, 2, 2
24, 4, 3, 2, 2
43, 4, 2, 2, 2
33, 1, 3, 2, 2
26, 1, 1, 2, 2
13, 1, 2, 2, 2
11, 1, 1, 2, 2
26, 1, 1, 2, 1
26, 4, 5, 2, 2
43, 4, 6, 2, 2
43, 4, 4, 2, 2
42, 4, 3, 2, 2
13, 4, 6, 2, 2
28, 4, 6, 2, 2
31, 4, 3, 2, 2
32, 2, 1, 2, 1
52, 1, 4, 2, 2
41, 1, 1, 2, 2
43, 1, 6, 2, 1
25, 4, 4, 2, 2
33, 4, 1, 2, 2
51, 2, 1, 2, 2
23, 4, 6, 2, 2
23, 4, 2, 2, 2
33, 2, 1, 2, 2
26, 4, 5, 2, 2
27, 4, 1, 1, 2
35, 2, 6, 2, 2
25, 1, 6, 2, 2
24, 4, 6, 2, 2
24, 1, 2, 2, 2
23, 4, 6, 2, 2
14, 1, 4, 2, 2
31, 1, 6, 2, 2
24, 4, 6, 2, 2
12, 1, 6, 2, 2
32, 4, 1, 2, 2
35, 1, 6, 2, 1
35, 2, 4, 2, 2
32, 4, 1, 2, 2
52, 4, 2, 2, 2
13, 1, 6, 2, 2
50, 4, 2, 2, 2
35, 4, 6, 2, 2
31, 4, 2, 2, 2
16, 1, 6, 2, 2
53, 1, 6, 1, 1
21, 1, 1, 2, 2
15, 4, 3, 2, 1
43, 4, 6, 2, 1
24, 2, 2, 2, 2
32, 1, 2, 2, 2
43, 4, 1, 2, 2
50, 4, 6, 1, 2
28, 1, 1, 2, 2
23, 1, 4, 2, 2
53, 1, 4, 1, 1
53, 1, 4, 1, 1
31, 1, 1, 2, 2
31, 4, 6, 2, 2
11, 1, 6, 2, 1
26, 4, 1, 2, 2
28, 4, 6, 2, 2
35, 1, 5, 2, 2
33, 1, 6, 2, 2
21, 4, 2, 2, 2
41, 2, 6, 2, 2
33, 4, 5, 2, 2
24, 4, 6, 2, 1
53, 1, 2, 2, 2
31, 4, 5, 1, 2
53, 1, 5, 2, 2
41, 4, 1, 2, 2
41, 4, 6, 2, 2
33, 2, 1, 2, 2
29, 4, 6, 2, 2
26, 4, 4, 2, 2
28, 1, 3, 2, 2
15, 4, 1, 2, 2
52, 2, 6, 2, 2
51, 4, 4, 2, 2
41, 4, 1, 2, 2
27, 2, 6, 2, 1
21, 1, 3, 2, 2
52, 4, 6, 2, 2
33, 2, 6, 2, 2
12, 1, 1, 2, 2
41, 1, 6, 1, 1
33, 2, 6, 2, 2
29, 1, 6, 2, 2
52, 1, 4, 2, 1
31, 3, 4, 2, 2
33, 1, 6, 2, 2
32, 2, 2, 2, 2
33, 4, 4, 2, 2
43, 4, 6, 2, 2
11, 1, 6, 2, 2
50, 4, 2, 2, 2
42, 4, 6, 2, 2
24, 2, 6, 2, 2
32, 2, 1, 2, 2
33, 1, 5, 2, 2
14, 1, 4, 2, 2
24, 1, 3, 2, 2
42, 1, 1, 2, 2
35, 1, 2, 2, 2
33, 2, 4, 2, 2
26, 1, 4, 1, 2
42, 4, 3, 2, 2
42, 1, 6, 2, 1
21, 4, 4, 2, 2
26, 4, 6, 2, 2
32, 1, 3, 1, 1
28, 1, 3, 2, 2
26, 4, 6, 2, 2
15, 2, 1, 2, 2
53, 1, 3, 2, 2
23, 4, 6, 2, 2
15, 4, 2, 2, 2
25, 4, 3, 2, 2
29, 4, 6, 2, 2
42, 4, 1, 2, 2
53, 1, 6, 2, 2
52, 1, 4, 2, 2
32, 1, 3, 2, 2
28, 4, 3, 2, 2
41, 2, 6, 2, 2
29, 4, 4, 2, 2
52, 4, 2, 2, 2
22, 4, 6, 2, 2
52, 4, 6, 2, 2
33, 1, 3, 2, 2
13, 4, 6, 2, 2
51, 4, 2, 2, 2
35, 1, 6, 2, 2
42, 4, 4, 2, 2
23, 4, 4, 2, 2
15, 1, 1, 2, 2
50, 4, 6, 2, 2
41, 4, 6, 1, 2
41, 4, 6, 2, 2
35, 2, 6, 2, 1
29, 2, 6, 2, 2
52, 1, 6, 2, 1
27, 4, 6, 1, 2
27, 4, 1, 2, 2
13, 4, 2, 2, 2
41, 1, 6, 2, 2
17, 4, 6, 2, 2
41, 2, 2, 2, 2
35, 2, 1, 2, 2
33, 2, 6, 2, 2
32, 1, 2, 2, 2
43, 4, 6, 2, 2
17, 4, 6, 2, 2
51, 4, 2, 2, 2
32, 1, 4, 1, 2
15, 4, 6, 2, 1
12, 1, 4, 2, 2
13, 4, 5, 2, 2
33, 1, 1, 2, 2
14, 1, 6, 2, 2
52, 1, 6, 2, 2
26, 4, 3, 2, 2
41, 2, 3, 2, 2
51, 1, 1, 2, 2
16, 4, 1, 2, 2
17, 4, 5, 2, 2
27, 4, 1, 2, 2
23, 4, 2, 2, 2
27, 2, 6, 2, 2
26, 2, 6, 2, 2
15, 4, 1, 2, 1
41, 2, 6, 2, 1
24, 1, 2, 2, 2
52, 1, 5, 2, 2
24, 4, 4, 2, 1
11, 4, 6, 2, 2
52, 1, 5, 2, 2
11, 4, 6, 2, 2
21, 4, 6, 2, 2
22, 4, 6, 2, 2
52, 1, 2, 2, 1
33, 2, 2, 2, 2
41, 4, 2, 2, 2
33, 2, 2, 2, 2
21, 4, 6, 2, 2
33, 2, 5, 2, 2
32, 4, 6, 2, 2
51, 1, 3, 2, 2
21, 4, 6, 1, 2
52, 1, 6, 2, 2
43, 2, 4, 2, 2
43, 1, 1, 2, 2
51, 4, 2, 2, 2
13, 4, 1, 2, 2
27, 1, 1, 2, 2
41, 2, 2, 2, 2
15, 2, 5, 2, 2
42, 1, 3, 2, 2
35, 4, 2, 1, 2
33, 1, 1, 2, 1
22, 4, 5, 2, 2
21, 4, 2, 1, 1
13, 4, 3, 2, 2
25, 1, 6, 2, 2
31, 4, 4, 2, 2
27, 4, 1, 2, 2
25, 1, 1, 2, 2
24, 4, 6, 2, 2
32, 2, 2, 2, 2
24, 1, 2, 2, 2
31, 2, 6, 2, 2
26, 4, 6, 2, 2
21, 4, 3, 2, 2
23, 4, 6, 2, 2
41, 1, 5, 2, 2
25, 4, 6, 2, 2
12, 1, 2, 2, 2
28, 1, 1, 2, 2
41, 4, 6, 1, 2
42, 1, 6, 2, 2
22, 4, 6, 2, 2
50, 1, 6, 2, 2
15, 4, 6, 2, 2
32, 2, 6, 2, 1
33, 2, 1, 2, 1
25, 4, 6, 2, 2
23, 2, 3, 2, 2
26, 4, 6, 2, 2
35, 2, 2, 2, 2
31, 4, 6, 2, 2
14, 4, 3, 2, 1
25, 4, 6, 2, 2
22, 1, 6, 2, 2
24, 2, 2, 2, 2
14, 1, 6, 2, 2
23, 2, 5, 2, 2
33, 2, 6, 2, 1
53, 1, 2, 2, 2
11, 1, 6, 2, 2
22, 1, 3, 2, 2
43, 2, 2, 2, 2
52, 1, 1, 2, 2
43, 4, 6, 2, 2
15, 4, 2, 2, 2
42, 4, 6, 2, 2
53, 1, 4, 2, 1
41, 4, 4, 2, 2
51, 4, 2, 2, 2
31, 1, 2, 2, 2
35, 4, 4, 2, 1
41, 2, 1, 2, 2
27, 1, 6, 2, 2
23, 2, 6, 2, 2
23, 4, 3, 2, 2
27, 4, 2, 2, 2
42, 4, 6, 2, 2
42, 4, 1, 2, 1
51, 2, 4, 2, 2
53, 1, 6, 2, 2
28, 4, 6, 2, 2
26, 4, 6, 2, 2
24, 1, 6, 1, 2
21, 4, 3, 2, 2
25, 4, 6, 2, 2
17, 4, 6, 2, 2
29, 2, 1, 2, 2
52, 2, 4, 2, 1
26, 4, 1, 2, 2
41, 4, 6, 2, 2
25, 4, 4, 2, 2
43, 4, 4, 2, 2
42, 4, 6, 2, 2
43, 4, 4, 2, 2
43, 2, 1, 2, 2
42, 4, 5, 2, 2
33, 2, 2, 2, 2
15, 4, 6, 2, 2
31, 1, 1, 2, 2
35, 4, 5, 2, 2
33, 1, 6, 2, 2
52, 1, 6, 2, 2
41, 2, 6, 2, 2
27, 1, 1, 2, 2
29, 4, 5, 2, 1
50, 4, 4, 2, 2
50, 1, 4, 2, 2
27, 4, 4, 2, 2
31, 4, 6, 2, 2
31, 4, 2, 2, 2
53, 1, 2, 2, 2
42, 4, 6, 2, 2
33, 4, 6, 2, 2
50, 4, 5, 2, 2
43, 1, 1, 2, 2
14, 4, 1, 2, 2
33, 2, 6, 2, 1
14, 1, 2, 2, 2
24, 1, 5, 2, 2
43, 4, 1, 2, 2
22, 1, 1, 2, 2
35, 2, 2, 2, 1
14, 4, 1, 2, 2
32, 1, 6, 2, 1
35, 1, 2, 2, 2
32, 2, 6, 2, 2
50, 4, 6, 2, 2
31, 4, 1, 2, 2
24, 2, 2, 2, 2
21, 4, 6, 2, 2
12, 4, 5, 2, 2
42, 4, 3, 2, 2
41, 1, 6, 2, 2
33, 4, 5, 2, 1
52, 1, 6, 2, 2
50, 1, 6, 2, 2
11, 1, 3, 2, 2
50, 1, 2, 2, 2
43, 4, 6, 2, 2
35, 4, 6, 2, 1
32, 2, 6, 2, 1
35, 1, 6, 2, 2
29, 1, 5, 2, 2
50, 4, 2, 1, 2
31, 1, 5, 2, 2
12, 4, 6, 2, 2
35, 4, 3, 2, 2
17, 4, 6, 2, 2
31, 4, 6, 2, 1
35, 4, 1, 2, 2
43, 4, 6, 2, 1
51, 4, 5, 2, 1
50, 1, 4, 2, 2
42, 1, 5, 2, 1
25, 1, 5, 2, 2
11, 4, 6, 2, 2
32, 2, 6, 2, 1
12, 1, 2, 2, 1
27, 4, 3, 2, 2
28, 1, 1, 2, 1
41, 4, 1, 2, 2
17, 4, 5, 2, 2
29, 1, 2, 2, 2
29, 1, 6, 2, 2
24, 4, 6, 2, 2
22, 1, 2, 2, 2
21, 4, 6, 2, 2
35, 1, 5, 2, 2
32, 4, 6, 2, 2
15, 4, 1, 2, 2
13, 4, 6, 2, 2
31, 4, 6, 2, 2
27, 1, 2, 2, 2
27, 4, 5, 2, 2
31, 1, 4, 2, 2
15, 4, 3, 2, 2
42, 4, 6, 2, 2
15, 4, 6, 2, 2
14, 4, 6, 2, 2
41, 2, 3, 2, 2
43, 4, 6, 2, 2
42, 2, 6, 1, 2
16, 4, 6, 2, 1
50, 4, 6, 2, 2
42, 4, 6, 2, 2
33, 1, 6, 2, 2
31, 4, 6, 2, 2
16, 1, 6, 2, 1
22, 4, 2, 1, 2
43, 1, 1, 2, 2
33, 2, 2, 2, 2
41, 2, 4, 2, 2
43, 2, 6, 1, 2
43, 4, 3, 2, 2
52, 4, 4, 2, 2
11, 4, 2, 2, 2
14, 4, 6, 2, 2
29, 2, 6, 2, 2
32, 1, 1, 2, 2
11, 1, 3, 2, 2
31, 4, 3, 2, 2
24, 1, 1, 1, 2
41, 4, 3, 2, 2
35, 1, 6, 2, 1
21, 1, 1, 2, 2
35, 4, 6, 2, 2
17, 4, 4, 2, 2
50, 1, 1, 2, 2
21, 4, 6, 2, 2
22, 4, 6, 2, 2
41, 2, 6, 2, 2
42, 4, 6, 2, 2
26, 4, 6, 2, 2
41, 4, 4, 2, 2
52, 1, 4, 2, 2
31, 4, 6, 2, 2
26, 2, 5, 2, 2
52, 1, 4, 2, 2
51, 1, 1, 2, 2
31, 1, 1, 2, 2
24, 1, 6, 2, 2
43, 4, 6, 2, 2
35, 1, 6, 2, 2
28, 4, 5, 2, 2
12, 1, 3, 2, 2
26, 4, 6, 2, 2
15, 4, 1, 2, 2
53, 1, 2, 2, 2
41, 4, 6, 2, 2
50, 4, 4, 2, 2
41, 1, 6, 2, 2
51, 1, 1, 2, 2
23, 1, 4, 1, 1
29, 1, 4, 2, 2
14, 1, 5, 2, 1
32, 4, 6, 2, 2
21, 4, 2, 2, 2
14, 1, 4, 2, 2
24, 4, 2, 2, 2
14, 1, 6, 2, 2
16, 4, 6, 2, 2
31, 2, 2, 2, 1
31, 4, 6, 2, 1
21, 4, 2, 2, 2
31, 2, 5, 2, 2
26, 1, 5, 1, 2
25, 1, 6, 2, 1
50, 4, 6, 2, 2
33, 1, 1, 2, 2
25, 4, 2, 2, 2
25, 4, 6, 2, 2
31, 1, 2, 2, 2
26, 4, 6, 2, 2
13, 2, 6, 2, 2
11, 4, 2, 1, 2
27, 4, 1, 2, 2
41, 1, 6, 2, 2
29, 4, 1, 2, 2
31, 4, 1, 2, 2
25, 1, 2, 2, 2
43, 4, 3, 2, 2
21, 4, 6, 2, 2
21, 4, 5, 2, 2
28, 1, 3, 2, 2
26, 4, 6, 2, 1
16, 2, 1, 2, 2
41, 4, 6, 2, 2
31, 4, 6, 2, 1
12, 1, 2, 2, 2
50, 1, 5, 2, 2
27, 1, 5, 2, 2
31, 1, 2, 1, 2
43, 4, 6, 2, 2
15, 4, 6, 2, 2
16, 1, 2, 2, 2
50, 1, 2, 2, 2
23, 1, 1, 2, 2
52, 1, 1, 2, 2
32, 1, 2, 2, 2
33, 2, 2, 2, 2
16, 2, 6, 2, 1
50, 4, 1, 2, 2
31, 3, 6, 2, 2
22, 4, 6, 2, 2
35, 1, 3, 2, 2
17, 1, 6, 2, 1
25, 2, 2, 2, 2
22, 4, 4, 2, 2
33, 4, 6, 2, 2
25, 1, 2, 2, 2
14, 4, 6, 2, 2
17, 4, 4, 2, 2
35, 4, 2, 2, 2
17, 1, 4, 2, 2
21, 4, 6, 2, 2
35, 4, 2, 2, 2
33, 2, 6, 2, 1
21, 2, 6, 2, 2
24, 4, 6, 2, 2
50, 4, 6, 2, 2
35, 1, 2, 2, 2
33, 4, 3, 2, 2
35, 4, 6, 2, 2
28, 4, 1, 2, 2
12, 1, 1, 2, 2
31, 4, 1, 2, 2
11, 1, 1, 2, 2
25, 4, 1, 2, 2
33, 1, 4, 2, 2
25, 1, 4, 2, 2
14, 1, 2, 2, 2
33, 2, 1, 2, 2
11, 4, 1, 2, 2
22, 1, 3, 2, 2
50, 4, 6, 2, 2
29, 4, 6, 2, 2
29, 1, 2, 2, 2
13, 2, 6, 2, 2
32, 2, 1, 2, 2
32, 2, 6, 2, 2
53, 1, 6, 1, 1
23, 2, 2, 2, 2
31, 4, 2, 2, 2
33, 4, 2, 2, 2
35, 4, 6, 2, 2
33, 1, 3, 2, 2
53, 1, 5, 2, 2
28, 1, 6, 2, 2
42, 1, 1, 2, 2
13, 1, 1, 2, 2
26, 1, 6, 2, 2
43, 4, 6, 2, 2
17, 1, 5, 2, 2
31, 4, 1, 2, 2
42, 4, 6, 2, 2
51, 4, 6, 2, 2
29, 4, 1, 1, 2
28, 2, 1, 2, 2
43, 1, 2, 1, 2
21, 4, 6, 2, 2
50, 4, 3, 2, 2
43, 1, 6, 2, 2
35, 1, 2, 2, 2
25, 4, 6, 2, 2
41, 2, 4, 1, 2
24, 1, 4, 2, 2
51, 4, 6, 2, 2
43, 1, 6, 2, 1
29, 1, 6, 2, 1
17, 1, 1, 2, 2
15, 4, 6, 2, 2
13, 2, 2, 1, 2
32, 2, 1, 1, 2
14, 1, 3, 2, 2
42, 4, 3, 2, 2
31, 1, 1, 2, 1
35, 4, 2, 2, 2
13, 2, 4, 2, 2
29, 4, 1, 2, 2
42, 4, 6, 2, 2
17, 4, 3, 2, 2
24, 4, 5, 2, 2
41, 1, 1, 2, 1
25, 1, 6, 2, 2
31, 4, 6, 2, 2
42, 4, 6, 2, 2
53, 1, 3, 2, 2
41, 4, 3, 2, 2
31, 1, 2, 2, 2
35, 4, 1, 2, 2
35, 2, 3, 2, 2
35, 1, 1, 2, 2
26, 4, 1, 2, 2
22, 4, 1, 2, 2
27, 4, 1, 2, 2
33, 4, 6, 2, 2
23, 4, 3, 2, 2
17, 4, 4, 2, 2
29, 4, 1, 2, 2
32, 1, 4, 2, 2
35, 4, 6, 2, 2
13, 4, 4, 2, 2
24, 4, 6, 2, 2
41, 2, 4, 2, 2
25, 4, 6, 2, 2
26, 4, 6, 2, 2
24, 4, 6, 2, 2
28, 1, 1, 2, 2
51, 4, 6, 2, 1
50, 4, 6, 2, 2
43, 1, 1, 2, 2
50, 4, 1, 2, 2
41, 4, 2, 2, 2
13, 2, 5, 1, 2
42, 4, 4, 2, 2
51, 4, 6, 2, 2
27, 1, 3, 2, 2
24, 4, 6, 2, 2
23, 2, 2, 2, 2
33, 4, 1, 2, 2
53, 1, 3, 2, 2
35, 1, 4, 1, 1
43, 4, 1, 1, 2
41, 1, 6, 1, 1
23, 4, 2, 2, 2
43, 4, 2, 2, 2
42, 4, 1, 2, 1
53, 1, 6, 2, 2
26, 4, 6, 2, 2
35, 1, 1, 2, 1
33, 2, 6, 2, 2
42, 4, 2, 2, 2
35, 1, 4, 2, 2
17, 4, 2, 2, 1
15, 4, 6, 2, 2
50, 4, 6, 2, 2
31, 4, 2, 2, 2
33, 1, 6, 2, 2
42, 4, 6, 2, 2
50, 1, 3, 2, 2
42, 4, 1, 2, 2
50, 4, 6, 2, 2
21, 4, 6, 2, 2
31, 1, 6, 2, 1
12, 1, 4, 2, 2
33, 4, 4, 2, 2
52, 1, 6, 2, 2
23, 2, 2, 1, 2
53, 1, 1, 2, 2
16, 1, 6, 2, 2
12, 4, 2, 2, 2
21, 4, 6, 2, 2
23, 4, 6, 2, 2
42, 4, 4, 2, 2
31, 4, 6, 2, 1
21, 4, 6, 2, 2
33, 1, 6, 2, 2
42, 1, 5, 1, 2
50, 1, 6, 2, 2
31, 4, 6, 2, 1
24, 1, 6, 2, 2
53, 1, 1, 2, 1
14, 1, 1, 2, 2
29, 4, 6, 2, 1
16, 4, 4, 2, 2
26, 4, 6, 2, 2
42, 1, 2, 2, 1
51, 1, 1, 2, 2
43, 4, 6, 2, 2
26, 4, 6, 1, 2
33, 2, 6, 2, 2
52, 4, 6, 2, 2
11, 4, 2, 2, 2
26, 4, 2, 2, 2
51, 4, 5, 2, 2
29, 1, 4, 2, 2
41, 4, 1, 2, 2
52, 1, 2, 2, 1
43, 1, 2, 1, 2
27, 4, 1, 2, 2
33, 1, 4, 2, 2
33, 4, 6, 2, 1
51, 1, 6, 2, 2
14, 4, 6, 2, 2
27, 1, 4, 2, 2
53, 1, 2, 2, 2
23, 4, 6, 2, 2
52, 4, 3, 2, 2
26, 4, 4, 2, 2
33, 1, 2, 2, 2
21, 1, 3, 2, 2
43, 4, 1, 2, 2
50, 1, 6, 1, 2
22, 3, 6, 2, 2
35, 4, 6, 2, 2
