Individual('i', [1, 0, 1, 0, 1, 0, 1, 0, 1, 0, 0, 0, 0, 0, 0, 0, 0])(0.7272727272727273, 5.0)
Individual('i', [1, 0, 0, 0, 1, 0, 0, 0, 1, 0, 0, 0, 0, 0, 0, 0, 0])(0.7184354799116276, 3.0)
Individual('i', [0, 0, 0, 0, 1, 0, 0, 0, 0, 0, 0, 1, 1, 0, 0, 0, 1])(0.7184354799116276, 4.0)
Individual('i', [0, 0, 0, 1, 1, 0, 0, 0, 0, 0, 0, 1, 0, 0, 0, 0, 1])(0.7184354799116276, 4.0)
Individual('i', [0, 1, 0, 0, 0, 1, 0, 1, 1, 0, 1, 0, 1, 0, 1, 0, 0])(0.7184354799116276, 7.0)
Individual('i', [0, 1, 1, 1, 0, 1, 1, 1, 1, 1, 1, 1, 1, 0, 1, 1, 1])(0.7184354799116276, 14.0)
Individual('i', [0, 0, 0, 0, 1, 1, 0, 0, 0, 0, 0, 0, 0, 0, 0, 0, 0])(0.718158525497975, 2.0)
Individual('i', [0, 0, 0, 0, 0, 0, 0, 1, 0, 0, 0, 0, 0, 0, 0, 0, 1])(0.718158525497975, 2.0)
Individual('i', [1, 1, 0, 0, 0, 1, 0, 0, 0, 0, 0, 0, 0, 0, 0, 0, 0])(0.718158525497975, 3.0)
Individual('i', [0, 0, 0, 0, 0, 0, 0, 0, 0, 0, 0, 0, 1, 1, 1, 0, 0])(0.718158525497975, 3.0)
Individual('i', [0, 0, 0, 0, 1, 0, 0, 0, 1, 0, 0, 0, 0, 0, 1, 0, 0])(0.718158525497975, 3.0)
Individual('i', [0, 0, 0, 0, 1, 1, 0, 1, 0, 0, 0, 0, 0, 0, 0, 0, 0])(0.718158525497975, 3.0)
Individual('i', [0, 0, 0, 1, 0, 0, 0, 1, 0, 0, 0, 1, 0, 0, 0, 0, 1])(0.718158525497975, 4.0)
Individual('i', [0, 0, 1, 0, 1, 0, 1, 0, 1, 0, 0, 0, 0, 0, 0, 0, 1])(0.718158525497975, 5.0)
Individual('i', [0, 0, 0, 0, 1, 1, 1, 0, 1, 0, 0, 0, 1, 0, 0, 0, 0])(0.718158525497975, 5.0)
Individual('i', [0, 0, 0, 0, 1, 0, 0, 0, 1, 0, 0, 1, 1, 1, 0, 0, 0])(0.718158525497975, 5.0)
Individual('i', [0, 0, 0, 0, 1, 0, 0, 1, 0, 0, 0, 0, 0, 0, 1, 1, 1])(0.718158525497975, 5.0)
Individual('i', [1, 0, 1, 0, 1, 0, 0, 0, 1, 0, 0, 0, 1, 1, 1, 0, 1])(0.718158525497975, 8.0)
Individual('i', [1, 0, 1, 0, 0, 1, 1, 1, 1, 1, 1, 0, 0, 0, 1, 1, 0])(0.718158525497975, 10.0)
Individual('i', [1, 0, 1, 0, 1, 0, 1, 0, 1, 0, 0, 0, 1, 0, 0, 0, 0])(0.7179720453229674, 6.0)
Individual('i', [1, 0, 1, 0, 0, 0, 0, 1, 0, 0, 0, 0, 0, 0, 0, 0, 0])(0.7174180832717418, 3.0)
Individual('i', [1, 1, 0, 0, 0, 1, 0, 0, 0, 0, 0, 0, 0, 1, 0, 0, 0])(0.7116883116883117, 4.0)
Individual('i', [0, 0, 0, 0, 1, 0, 0, 1, 0, 0, 0, 0, 0, 0, 0, 0, 0])(0.7111255692908263, 2.0)
Individual('i', [0, 1, 0, 0, 0, 1, 0, 1, 1, 0, 0, 0, 1, 0, 1, 0, 0])(0.7111255692908263, 6.0)
Individual('i', [0, 0, 0, 0, 0, 0, 0, 0, 1, 0, 0, 1, 1, 1, 0, 0, 0])(0.7105606258148631, 4.0)
Individual('i', [0, 0, 0, 0, 0, 0, 0, 1, 0, 0, 0, 0, 0, 0, 1, 0, 0])(0.7098039215686275, 2.0)
Individual('i', [0, 0, 0, 0, 1, 0, 1, 0, 0, 0, 0, 0, 0, 0, 0, 0, 0])(0.7098039215686275, 2.0)
Individual('i', [0, 0, 0, 0, 0, 0, 1, 0, 1, 0, 0, 0, 0, 0, 0, 0, 1])(0.7098039215686275, 3.0)
Individual('i', [0, 0, 0, 0, 1, 0, 0, 1, 0, 0, 0, 0, 0, 0, 1, 0, 1])(0.7098039215686275, 4.0)
Individual('i', [0, 1, 0, 0, 0, 0, 0, 0, 1, 0, 0, 1, 0, 0, 0, 0, 1])(0.7098039215686275, 4.0)
Individual('i', [1, 0, 0, 0, 1, 1, 0, 0, 0, 0, 0, 0, 0, 0, 0, 0, 1])(0.7098039215686275, 4.0)
Individual('i', [0, 1, 1, 1, 0, 0, 0, 1, 0, 0, 0, 0, 0, 0, 0, 0, 0])(0.7098039215686275, 4.0)
Individual('i', [0, 0, 0, 0, 0, 1, 0, 1, 1, 0, 1, 0, 0, 0, 0, 0, 1])(0.7098039215686275, 5.0)
Individual('i', [0, 0, 1, 0, 0, 0, 0, 0, 0, 0, 0, 1, 0, 1, 1, 0, 1])(0.7098039215686275, 5.0)
Individual('i', [1, 0, 0, 1, 0, 1, 0, 0, 0, 0, 0, 1, 1, 1, 0, 0, 0])(0.7098039215686275, 6.0)
Individual('i', [1, 0, 0, 1, 0, 0, 1, 0, 0, 0, 0, 1, 1, 1, 0, 0, 0])(0.7098039215686275, 6.0)
Individual('i', [1, 0, 0, 0, 1, 1, 1, 0, 1, 0, 0, 0, 1, 0, 1, 0, 0])(0.7098039215686275, 7.0)
Individual('i', [0, 0, 1, 1, 0, 0, 1, 1, 0, 1, 0, 0, 0, 1, 0, 1, 0])(0.7098039215686275, 7.0)
Individual('i', [1, 1, 0, 0, 1, 1, 1, 0, 0, 0, 0, 1, 0, 0, 1, 0, 1])(0.7098039215686275, 8.0)
Individual('i', [0, 0, 0, 0, 0, 0, 0, 0, 0, 0, 0, 0, 0, 1, 0, 0, 0])(0.7090909090909091, 1.0)
Individual('i', [0, 0, 0, 0, 0, 0, 0, 0, 1, 0, 0, 0, 0, 0, 0, 0, 0])(0.7090909090909091, 1.0)
Individual('i', [0, 0, 0, 0, 0, 0, 0, 1, 0, 0, 0, 0, 0, 0, 0, 0, 0])(0.7090909090909091, 1.0)
Individual('i', [0, 0, 0, 0, 1, 0, 0, 0, 0, 0, 0, 0, 0, 0, 0, 0, 1])(0.7090909090909091, 2.0)
Individual('i', [0, 0, 0, 0, 0, 0, 0, 1, 0, 0, 1, 0, 0, 0, 0, 0, 0])(0.7090909090909091, 2.0)
Individual('i', [0, 1, 0, 0, 0, 0, 0, 0, 1, 0, 0, 0, 0, 0, 0, 0, 0])(0.7090909090909091, 2.0)
Individual('i', [0, 0, 0, 1, 1, 0, 0, 1, 0, 0, 0, 0, 0, 0, 0, 0, 0])(0.7090909090909091, 3.0)
Individual('i', [0, 0, 0, 0, 1, 0, 0, 1, 0, 0, 0, 0, 0, 0, 1, 0, 0])(0.7090909090909091, 3.0)
Individual('i', [0, 0, 0, 1, 1, 0, 0, 1, 0, 0, 0, 1, 0, 0, 0, 0, 1])(0.7090909090909091, 5.0)
Individual('i', [1, 0, 1, 0, 1, 0, 0, 1, 1, 0, 0, 0, 0, 0, 0, 0, 0])(0.7090909090909091, 5.0)
Individual('i', [0, 0, 0, 0, 1, 1, 1, 0, 0, 0, 0, 1, 0, 0, 1, 0, 0])(0.7090909090909091, 5.0)
Individual('i', [1, 0, 0, 0, 1, 1, 0, 0, 0, 0, 0, 1, 0, 0, 0, 0, 1])(0.7090909090909091, 5.0)
Individual('i', [1, 0, 1, 0, 1, 0, 1, 0, 1, 0, 0, 0, 0, 0, 0, 0, 1])(0.7090909090909091, 6.0)
Individual('i', [1, 0, 1, 0, 0, 0, 1, 0, 1, 0, 0, 0, 0, 0, 1, 1, 0])(0.7090909090909091, 6.0)
Individual('i', [1, 0, 0, 1, 0, 0, 0, 0, 1, 0, 0, 1, 1, 1, 0, 0, 0])(0.7090909090909091, 6.0)
Individual('i', [1, 0, 0, 0, 1, 1, 0, 0, 0, 0, 0, 1, 0, 0, 0, 1, 1])(0.7090909090909091, 6.0)
Individual('i', [1, 0, 1, 0, 1, 0, 1, 0, 1, 0, 1, 0, 1, 0, 0, 0, 0])(0.7090909090909091, 7.0)
Individual('i', [1, 1, 0, 0, 0, 1, 1, 0, 1, 0, 0, 1, 1, 0, 1, 0, 0])(0.7090909090909091, 8.0)
Individual('i', [1, 0, 1, 0, 1, 0, 0, 0, 1, 0, 0, 0, 0, 1, 1, 1, 1])(0.7090909090909091, 8.0)
Individual('i', [1, 0, 1, 0, 0, 0, 1, 1, 1, 1, 1, 0, 0, 0, 1, 1, 0])(0.7090909090909091, 9.0)
Individual('i', [0, 0, 0, 0, 0, 0, 0, 0, 0, 0, 1, 0, 0, 0, 0, 0, 0])(0.708994708994709, 1.0)
Individual('i', [1, 0, 0, 0, 0, 0, 0, 0, 0, 0, 0, 0, 0, 0, 0, 0, 0])(0.708994708994709, 1.0)
Individual('i', [0, 0, 0, 0, 1, 0, 0, 0, 0, 0, 0, 0, 0, 0, 0, 0, 0])(0.708994708994709, 1.0)
Individual('i', [0, 0, 0, 0, 0, 1, 0, 0, 0, 0, 0, 0, 0, 0, 0, 0, 0])(0.708994708994709, 1.0)
Individual('i', [0, 0, 0, 0, 1, 0, 0, 0, 0, 0, 0, 0, 0, 0, 1, 0, 0])(0.708994708994709, 2.0)
Individual('i', [0, 0, 1, 0, 0, 0, 0, 0, 0, 0, 0, 0, 0, 1, 0, 0, 0])(0.708994708994709, 2.0)
Individual('i', [0, 0, 0, 0, 1, 0, 0, 0, 0, 0, 0, 1, 0, 0, 0, 0, 0])(0.708994708994709, 2.0)
Individual('i', [0, 0, 0, 0, 1, 0, 0, 0, 1, 0, 0, 0, 0, 0, 0, 0, 0])(0.708994708994709, 2.0)
Individual('i', [0, 0, 0, 0, 0, 1, 0, 0, 0, 0, 0, 0, 0, 0, 1, 0, 0])(0.708994708994709, 2.0)
Individual('i', [0, 0, 0, 1, 1, 1, 0, 0, 0, 0, 0, 0, 0, 0, 0, 0, 0])(0.708994708994709, 3.0)
Individual('i', [0, 0, 0, 0, 1, 0, 0, 1, 0, 0, 0, 0, 0, 1, 0, 0, 0])(0.708994708994709, 3.0)
Individual('i', [0, 0, 0, 0, 0, 1, 0, 0, 1, 0, 0, 1, 0, 0, 0, 0, 0])(0.708994708994709, 3.0)
Individual('i', [0, 0, 0, 1, 0, 0, 0, 1, 0, 0, 0, 0, 0, 0, 0, 0, 1])(0.708994708994709, 3.0)
Individual('i', [0, 0, 1, 1, 0, 0, 0, 0, 0, 0, 0, 1, 0, 0, 0, 0, 1])(0.708994708994709, 4.0)
Individual('i', [0, 0, 0, 1, 1, 0, 0, 0, 0, 0, 0, 0, 1, 0, 0, 0, 1])(0.708994708994709, 4.0)
Individual('i', [1, 0, 0, 0, 0, 0, 1, 0, 1, 0, 0, 1, 1, 0, 0, 0, 0])(0.708994708994709, 5.0)
Individual('i', [0, 1, 0, 0, 0, 1, 0, 0, 0, 0, 1, 0, 1, 0, 1, 0, 0])(0.708994708994709, 5.0)
Individual('i', [1, 1, 0, 0, 0, 0, 0, 1, 0, 0, 0, 0, 0, 0, 0, 1, 1])(0.708994708994709, 5.0)
Individual('i', [0, 1, 1, 1, 1, 0, 0, 0, 0, 0, 0, 1, 0, 0, 1, 0, 0])(0.708994708994709, 6.0)
Individual('i', [0, 0, 0, 0, 1, 1, 1, 0, 0, 0, 0, 1, 1, 0, 0, 1, 0])(0.708994708994709, 6.0)
Individual('i', [0, 1, 0, 1, 0, 0, 1, 0, 1, 0, 0, 1, 0, 0, 1, 0, 0])(0.708994708994709, 6.0)
Individual('i', [1, 0, 1, 0, 1, 0, 0, 1, 1, 0, 0, 0, 0, 1, 0, 0, 1])(0.708994708994709, 7.0)
Individual('i', [1, 0, 0, 0, 1, 1, 0, 0, 1, 0, 0, 0, 1, 1, 1, 1, 0])(0.708994708994709, 8.0)
Individual('i', [1, 1, 1, 0, 0, 1, 0, 1, 0, 1, 1, 1, 0, 1, 0, 0, 0])(0.708994708994709, 9.0)
Individual('i', [1, 0, 1, 1, 0, 1, 1, 0, 0, 0, 0, 1, 1, 0, 1, 1, 0])(0.708994708994709, 9.0)
Individual('i', [1, 1, 1, 1, 1, 0, 0, 0, 1, 0, 1, 0, 1, 0, 0, 0, 1])(0.708994708994709, 9.0)
Individual('i', [1, 0, 1, 1, 0, 1, 1, 0, 1, 0, 0, 1, 1, 0, 1, 1, 0])(0.708994708994709, 10.0)
Individual('i', [0, 0, 0, 0, 0, 0, 0, 0, 0, 0, 0, 0, 0, 0, 0, 0, 1])(0.7088524590163935, 1.0)
Individual('i', [1, 0, 0, 0, 1, 0, 0, 0, 0, 0, 0, 0, 0, 0, 0, 0, 0])(0.7088524590163935, 2.0)
Individual('i', [1, 0, 0, 0, 0, 0, 0, 1, 0, 0, 0, 0, 0, 0, 0, 0, 0])(0.7088524590163935, 2.0)
Individual('i', [1, 0, 1, 0, 0, 0, 0, 0, 0, 0, 0, 0, 0, 0, 0, 0, 0])(0.7088524590163935, 2.0)
Individual('i', [0, 0, 1, 0, 0, 0, 0, 0, 1, 0, 0, 0, 0, 0, 0, 0, 0])(0.7088524590163935, 2.0)
Individual('i', [0, 0, 0, 1, 1, 0, 0, 0, 0, 0, 0, 0, 0, 0, 0, 0, 1])(0.7088524590163935, 3.0)
Individual('i', [0, 1, 0, 0, 0, 0, 0, 0, 1, 0, 0, 0, 0, 0, 1, 0, 0])(0.7088524590163935, 3.0)
Individual('i', [0, 0, 0, 0, 0, 1, 0, 0, 0, 0, 0, 1, 0, 0, 1, 0, 0])(0.7088524590163935, 3.0)
Individual('i', [0, 0, 0, 1, 1, 0, 0, 1, 0, 0, 0, 0, 0, 0, 0, 0, 1])(0.7088524590163935, 4.0)
Individual('i', [0, 0, 1, 0, 1, 0, 1, 0, 1, 0, 0, 0, 0, 0, 0, 0, 0])(0.7088524590163935, 4.0)
Individual('i', [0, 0, 1, 0, 0, 0, 0, 0, 1, 0, 0, 0, 1, 0, 0, 0, 1])(0.7088524590163935, 4.0)
Individual('i', [1, 0, 0, 0, 0, 1, 0, 0, 0, 0, 0, 0, 0, 0, 0, 1, 1])(0.7088524590163935, 4.0)
Individual('i', [1, 1, 1, 0, 0, 0, 0, 0, 1, 0, 0, 0, 0, 0, 0, 0, 0])(0.7088524590163935, 4.0)
