Individual('i', [0, 1, 0, 0, 0, 0, 0, 0, 0, 0, 0, 1, 0, 0, 0, 0, 0])(0.41021606241159625, 2.0)
Individual('i', [0, 0, 1, 0, 0, 0, 0, 0, 0, 1, 1, 1, 0, 0, 0, 1, 0])(0.40933848422159647, 5.0)
Individual('i', [1, 0, 1, 0, 1, 0, 0, 0, 0, 0, 0, 0, 1, 0, 0, 0, 0])(0.4079683870836146, 4.0)
Individual('i', [1, 1, 1, 0, 0, 0, 0, 0, 0, 0, 0, 1, 0, 0, 0, 1, 0])(0.4078057459577965, 5.0)
Individual('i', [0, 0, 0, 0, 0, 0, 0, 0, 0, 0, 0, 1, 0, 1, 0, 1, 0])(0.4073324114168001, 3.0)
Individual('i', [1, 0, 1, 0, 1, 0, 0, 0, 1, 0, 0, 0, 0, 1, 0, 0, 0])(0.40694486892432435, 5.0)
Individual('i', [0, 0, 0, 0, 0, 0, 0, 0, 0, 0, 0, 1, 0, 0, 0, 0, 1])(0.4062263328941249, 2.0)
Individual('i', [0, 1, 0, 0, 0, 0, 0, 0, 0, 0, 0, 0, 0, 0, 0, 0, 1])(0.4059159459117022, 2.0)
Individual('i', [0, 0, 1, 0, 0, 0, 0, 0, 0, 0, 0, 1, 0, 0, 0, 0, 0])(0.40575791324920785, 2.0)
Individual('i', [0, 1, 0, 0, 1, 0, 0, 0, 1, 0, 0, 0, 0, 1, 0, 0, 0])(0.40523738145425126, 4.0)
Individual('i', [0, 1, 0, 0, 1, 0, 0, 0, 0, 0, 0, 0, 0, 0, 0, 0, 0])(0.40506849470200934, 2.0)
Individual('i', [0, 0, 0, 0, 0, 0, 0, 0, 0, 0, 1, 1, 0, 0, 0, 0, 0])(0.4049976261890387, 2.0)
Individual('i', [0, 1, 0, 1, 0, 0, 0, 0, 1, 0, 1, 0, 0, 0, 0, 0, 0])(0.40469207826086595, 4.0)
Individual('i', [0, 0, 0, 0, 0, 0, 0, 0, 0, 0, 1, 0, 0, 0, 0, 0, 1])(0.40451275267459685, 2.0)
Individual('i', [0, 0, 0, 0, 0, 0, 0, 0, 0, 0, 1, 0, 0, 0, 0, 0, 0])(0.4045039539601628, 1.0)
Individual('i', [0, 0, 0, 0, 0, 0, 0, 1, 0, 0, 0, 0, 0, 0, 1, 1, 0])(0.4044104593518322, 3.0)
Individual('i', [1, 1, 0, 0, 0, 0, 0, 0, 0, 0, 0, 1, 0, 0, 0, 0, 1])(0.4043134582609895, 4.0)
Individual('i', [1, 1, 1, 0, 0, 0, 0, 0, 1, 0, 1, 1, 1, 1, 0, 1, 0])(0.40429575053678823, 9.0)
Individual('i', [0, 0, 1, 0, 0, 0, 0, 1, 0, 0, 0, 0, 0, 0, 1, 1, 0])(0.40409661906857297, 4.0)
Individual('i', [1, 1, 1, 1, 1, 0, 1, 1, 0, 1, 1, 1, 0, 1, 1, 1, 0])(0.4036097267638069, 13.0)
Individual('i', [0, 0, 1, 0, 0, 0, 0, 0, 0, 0, 0, 1, 0, 1, 0, 1, 0])(0.40349731450451964, 4.0)
Individual('i', [0, 1, 1, 0, 0, 0, 0, 0, 0, 0, 0, 1, 0, 0, 0, 0, 0])(0.40349699767475755, 3.0)
Individual('i', [1, 1, 1, 0, 1, 1, 0, 1, 1, 0, 1, 1, 0, 1, 1, 0, 0])(0.4034387910813453, 11.0)
Individual('i', [1, 1, 1, 0, 0, 0, 0, 0, 0, 0, 0, 1, 0, 0, 0, 0, 0])(0.403245367506295, 4.0)
Individual('i', [1, 1, 1, 0, 0, 0, 0, 0, 0, 0, 0, 0, 0, 0, 0, 1, 0])(0.40300823809960173, 4.0)
Individual('i', [0, 0, 1, 0, 0, 0, 0, 0, 0, 0, 0, 0, 0, 0, 0, 1, 0])(0.4024827658860709, 2.0)
Individual('i', [0, 0, 0, 0, 0, 0, 0, 0, 0, 0, 0, 0, 0, 0, 0, 0, 1])(0.40238905241630385, 1.0)
Individual('i', [0, 0, 1, 0, 1, 0, 0, 0, 0, 1, 1, 1, 0, 0, 0, 1, 0])(0.4022840296448561, 6.0)
Individual('i', [0, 0, 0, 0, 0, 1, 0, 0, 0, 0, 0, 0, 0, 0, 0, 0, 0])(0.4020877465636715, 1.0)
Individual('i', [1, 1, 1, 1, 0, 0, 0, 0, 0, 0, 0, 1, 0, 0, 0, 0, 0])(0.40201597777317255, 5.0)
Individual('i', [0, 1, 0, 0, 0, 0, 0, 0, 1, 0, 1, 0, 0, 0, 0, 0, 0])(0.40162051336743043, 3.0)
Individual('i', [0, 0, 0, 0, 1, 0, 0, 0, 0, 0, 0, 0, 1, 0, 0, 0, 0])(0.40157679924501266, 2.0)
Individual('i', [1, 1, 1, 1, 1, 0, 0, 0, 1, 0, 0, 0, 0, 0, 0, 1, 0])(0.401575979701291, 7.0)
Individual('i', [0, 0, 0, 0, 0, 0, 0, 0, 0, 0, 0, 0, 0, 0, 0, 1, 0])(0.401510236553685, 1.0)
Individual('i', [1, 1, 1, 0, 1, 1, 0, 1, 0, 1, 1, 1, 0, 0, 0, 0, 1])(0.40140307804954234, 10.0)
Individual('i', [1, 1, 1, 1, 0, 0, 0, 0, 0, 1, 0, 0, 0, 0, 1, 0, 0])(0.4013814940087713, 6.0)
Individual('i', [1, 1, 1, 0, 0, 0, 0, 0, 0, 1, 1, 1, 0, 0, 0, 0, 0])(0.40133499041919185, 6.0)
Individual('i', [1, 0, 1, 0, 0, 0, 0, 0, 0, 0, 0, 1, 0, 0, 0, 1, 0])(0.4012472483372942, 4.0)
Individual('i', [1, 0, 0, 0, 1, 1, 0, 1, 0, 1, 1, 1, 0, 0, 0, 0, 0])(0.40121114560403315, 7.0)
Individual('i', [0, 1, 0, 1, 0, 0, 0, 0, 0, 0, 0, 0, 0, 0, 0, 0, 0])(0.40114176241843036, 2.0)
Individual('i', [0, 0, 1, 0, 0, 0, 0, 0, 0, 0, 0, 1, 0, 0, 0, 1, 0])(0.40088955297459283, 3.0)
Individual('i', [0, 0, 0, 0, 0, 1, 0, 0, 0, 1, 0, 0, 0, 0, 0, 0, 0])(0.40084035624652636, 2.0)
Individual('i', [1, 0, 0, 0, 0, 0, 0, 0, 0, 0, 0, 1, 0, 0, 0, 0, 0])(0.40083566550798644, 2.0)
Individual('i', [1, 0, 1, 0, 1, 0, 0, 0, 1, 1, 1, 0, 0, 1, 0, 0, 0])(0.40080148728566123, 7.0)
Individual('i', [0, 0, 1, 0, 0, 1, 1, 0, 1, 0, 0, 0, 0, 0, 0, 1, 1])(0.40079913494238384, 6.0)
Individual('i', [0, 0, 0, 0, 1, 1, 1, 1, 1, 0, 0, 1, 0, 1, 1, 0, 1])(0.4007871554668835, 9.0)
Individual('i', [1, 0, 1, 1, 0, 0, 0, 0, 0, 0, 0, 1, 0, 0, 0, 0, 0])(0.40078450211433103, 4.0)
Individual('i', [0, 1, 1, 0, 0, 0, 0, 0, 0, 0, 1, 0, 0, 0, 0, 0, 0])(0.40078416163549135, 3.0)
Individual('i', [0, 0, 1, 1, 1, 0, 0, 0, 0, 0, 0, 1, 0, 0, 0, 0, 0])(0.40066052563273313, 4.0)
Individual('i', [0, 0, 1, 0, 0, 0, 0, 0, 0, 0, 1, 1, 0, 0, 0, 1, 0])(0.4006565503119337, 4.0)
Individual('i', [0, 1, 0, 0, 0, 0, 0, 0, 0, 0, 0, 0, 0, 0, 0, 0, 0])(0.4005755987283586, 1.0)
Individual('i', [0, 0, 0, 0, 1, 0, 0, 0, 0, 0, 0, 0, 0, 0, 0, 0, 0])(0.40051456836602073, 1.0)
Individual('i', [0, 0, 1, 0, 1, 0, 0, 0, 0, 0, 0, 0, 1, 0, 0, 0, 0])(0.40051309924979006, 3.0)
Individual('i', [0, 1, 0, 1, 0, 0, 0, 0, 0, 0, 0, 1, 0, 0, 0, 0, 0])(0.4004203518157421, 3.0)
Individual('i', [0, 1, 0, 1, 0, 0, 0, 0, 0, 0, 1, 0, 0, 0, 0, 0, 0])(0.4003587101527625, 3.0)
Individual('i', [0, 0, 1, 1, 1, 0, 1, 0, 0, 1, 0, 0, 1, 1, 1, 1, 1])(0.4002611455856344, 10.0)
Individual('i', [1, 0, 1, 1, 0, 0, 0, 0, 0, 0, 1, 0, 0, 0, 0, 0, 0])(0.4002501582680197, 4.0)
Individual('i', [0, 0, 0, 0, 0, 0, 0, 0, 0, 0, 0, 1, 0, 0, 0, 1, 0])(0.4000730824613863, 2.0)
Individual('i', [1, 1, 0, 1, 1, 0, 0, 1, 0, 0, 1, 1, 1, 0, 0, 1, 0])(0.4000093387908892, 9.0)
Individual('i', [1, 0, 1, 0, 0, 0, 0, 0, 0, 0, 0, 1, 0, 0, 0, 0, 0])(0.39991767569974135, 3.0)
Individual('i', [0, 1, 0, 0, 0, 0, 0, 0, 0, 0, 1, 1, 0, 0, 0, 0, 0])(0.39990406627766817, 3.0)
Individual('i', [0, 0, 0, 1, 0, 1, 1, 0, 0, 0, 1, 0, 0, 0, 0, 0, 0])(0.39981903968285804, 4.0)
Individual('i', [0, 0, 0, 1, 0, 1, 1, 0, 0, 0, 0, 1, 0, 0, 0, 0, 0])(0.39975816269116693, 4.0)
Individual('i', [1, 0, 1, 0, 1, 0, 0, 0, 1, 0, 0, 0, 0, 0, 0, 0, 0])(0.3997444284281074, 4.0)
Individual('i', [0, 0, 0, 0, 0, 1, 0, 1, 0, 1, 0, 1, 0, 0, 0, 0, 0])(0.3997331582467606, 4.0)
Individual('i', [0, 1, 0, 0, 1, 0, 0, 0, 0, 0, 0, 1, 0, 0, 0, 0, 0])(0.3996763133376592, 3.0)
Individual('i', [0, 0, 1, 1, 0, 1, 1, 1, 1, 1, 1, 0, 0, 0, 0, 1, 1])(0.39966133369188106, 10.0)
Individual('i', [0, 1, 0, 0, 0, 0, 0, 0, 0, 1, 1, 1, 0, 0, 0, 1, 0])(0.399634958906238, 5.0)
Individual('i', [1, 0, 0, 1, 0, 0, 0, 0, 0, 0, 1, 1, 1, 1, 0, 1, 1])(0.3996316769641173, 8.0)
Individual('i', [0, 0, 0, 0, 1, 0, 0, 0, 0, 0, 0, 1, 0, 1, 0, 1, 0])(0.3996037467418737, 4.0)
Individual('i', [1, 1, 0, 0, 0, 0, 1, 0, 0, 0, 0, 1, 0, 0, 0, 0, 1])(0.39953859711578643, 5.0)
Individual('i', [1, 0, 1, 0, 1, 0, 0, 0, 0, 0, 0, 0, 0, 0, 0, 0, 0])(0.3994975698303391, 3.0)
Individual('i', [0, 0, 0, 0, 0, 0, 0, 0, 1, 0, 0, 0, 0, 1, 0, 1, 0])(0.3994815911738818, 3.0)
Individual('i', [0, 1, 0, 0, 0, 0, 0, 0, 0, 1, 1, 1, 0, 0, 0, 0, 0])(0.399479394626437, 4.0)
Individual('i', [1, 1, 1, 0, 0, 0, 0, 0, 1, 0, 1, 1, 0, 0, 0, 1, 0])(0.3994536494789104, 7.0)
Individual('i', [1, 0, 1, 1, 0, 0, 0, 0, 0, 1, 1, 1, 0, 0, 0, 0, 0])(0.3994057120558706, 6.0)
Individual('i', [1, 1, 0, 0, 0, 0, 0, 0, 0, 1, 1, 1, 0, 0, 0, 0, 1])(0.3993988694229371, 6.0)
Individual('i', [1, 1, 1, 1, 0, 1, 1, 0, 0, 1, 0, 0, 0, 0, 1, 0, 0])(0.39926015754991595, 8.0)
Individual('i', [1, 1, 0, 1, 0, 1, 1, 1, 1, 1, 1, 0, 0, 0, 0, 1, 0])(0.3991364069277845, 10.0)
Individual('i', [0, 1, 0, 0, 0, 0, 0, 0, 0, 0, 0, 1, 0, 0, 0, 0, 1])(0.39912064776958744, 3.0)
Individual('i', [0, 0, 0, 0, 0, 0, 0, 0, 0, 1, 1, 1, 0, 0, 0, 0, 1])(0.3990796950189901, 4.0)
Individual('i', [1, 0, 1, 0, 0, 0, 1, 1, 0, 1, 1, 1, 0, 1, 1, 1, 0])(0.399031754829703, 10.0)
Individual('i', [1, 0, 0, 0, 1, 0, 0, 0, 0, 0, 0, 0, 1, 0, 0, 0, 0])(0.3990252892406577, 3.0)
Individual('i', [0, 0, 0, 1, 1, 0, 0, 1, 0, 0, 0, 1, 0, 0, 0, 0, 0])(0.39899045170865155, 4.0)
Individual('i', [1, 0, 1, 0, 1, 0, 0, 0, 0, 0, 0, 0, 0, 1, 0, 0, 0])(0.39897223431137685, 4.0)
Individual('i', [1, 1, 1, 0, 0, 0, 0, 0, 1, 0, 0, 1, 0, 0, 0, 1, 0])(0.39895413268662383, 6.0)
Individual('i', [0, 0, 0, 0, 0, 0, 0, 0, 0, 0, 0, 1, 0, 0, 0, 0, 0])(0.3989417105249762, 1.0)
Individual('i', [0, 1, 0, 0, 0, 0, 0, 0, 0, 0, 0, 1, 0, 1, 0, 1, 0])(0.39893156689814935, 4.0)
Individual('i', [1, 0, 0, 0, 0, 0, 0, 0, 0, 0, 0, 1, 0, 0, 0, 0, 1])(0.3989221027727188, 3.0)
Individual('i', [0, 1, 0, 0, 1, 0, 0, 0, 0, 0, 0, 0, 0, 0, 0, 0, 1])(0.39888591216012936, 3.0)
Individual('i', [0, 0, 0, 1, 0, 0, 0, 0, 1, 0, 0, 1, 0, 0, 0, 0, 0])(0.3988741087350347, 3.0)
Individual('i', [1, 1, 0, 1, 1, 1, 1, 1, 1, 1, 1, 1, 0, 1, 0, 0, 1])(0.3988715803159868, 13.0)
Individual('i', [0, 0, 0, 0, 0, 1, 1, 1, 0, 1, 1, 1, 0, 1, 1, 0, 0])(0.39886893649761457, 8.0)
Individual('i', [1, 1, 1, 0, 0, 0, 0, 0, 0, 0, 0, 1, 0, 0, 0, 0, 1])(0.39884076154975645, 5.0)
Individual('i', [1, 1, 0, 0, 0, 0, 0, 0, 0, 0, 0, 0, 0, 0, 0, 0, 1])(0.3988345003094821, 3.0)
Individual('i', [1, 1, 1, 1, 0, 0, 0, 0, 0, 0, 1, 0, 0, 0, 0, 0, 0])(0.3988311289552817, 5.0)
Individual('i', [0, 0, 0, 0, 1, 1, 1, 1, 1, 0, 1, 0, 0, 1, 1, 0, 1])(0.39882673227962195, 9.0)
Individual('i', [1, 0, 1, 1, 0, 0, 0, 0, 0, 0, 0, 0, 0, 0, 1, 1, 0])(0.39877098576417513, 5.0)
Individual('i', [1, 1, 0, 0, 0, 0, 0, 1, 0, 0, 0, 0, 0, 0, 0, 0, 1])(0.3987182147387285, 4.0)
