Individual('i', [0, 0, 0, 0, 0, 1, 0, 0, 0, 0, 0, 0, 0, 0, 0, 0, 0])(0.6300846587411968, 1.0)
Individual('i', [0, 1, 0, 0, 0, 1, 0, 0, 0, 0, 0, 0, 1, 0, 0, 0, 0])(0.629674822547481, 3.0)
Individual('i', [0, 1, 0, 0, 0, 0, 0, 0, 1, 0, 0, 0, 1, 0, 0, 0, 0])(0.6293979736349803, 3.0)
Individual('i', [1, 1, 0, 0, 0, 1, 0, 1, 0, 0, 1, 1, 0, 1, 0, 1, 0])(0.6291758461022325, 8.0)
Individual('i', [1, 1, 0, 0, 0, 1, 1, 1, 0, 0, 0, 1, 0, 1, 0, 0, 0])(0.6290022305706712, 7.0)
Individual('i', [0, 0, 0, 0, 0, 0, 0, 0, 0, 0, 0, 0, 0, 0, 0, 1, 1])(0.62877979255349, 2.0)
Individual('i', [1, 0, 1, 1, 0, 1, 1, 1, 0, 0, 0, 1, 0, 0, 0, 0, 0])(0.628616292758332, 7.0)
Individual('i', [0, 0, 0, 1, 0, 0, 0, 0, 0, 0, 0, 0, 0, 0, 0, 0, 0])(0.6285951844986497, 1.0)
Individual('i', [0, 0, 0, 0, 0, 0, 0, 1, 0, 0, 0, 0, 0, 1, 0, 0, 0])(0.6285639382354228, 2.0)
Individual('i', [1, 1, 0, 0, 0, 1, 0, 0, 0, 0, 0, 0, 0, 0, 0, 1, 0])(0.6278985843549622, 4.0)
Individual('i', [1, 1, 0, 0, 0, 1, 0, 0, 0, 0, 0, 0, 0, 0, 0, 0, 0])(0.6278344007956906, 3.0)
Individual('i', [0, 0, 0, 0, 0, 1, 1, 1, 0, 0, 0, 1, 0, 1, 0, 0, 0])(0.6277889770344658, 5.0)
Individual('i', [1, 1, 0, 0, 0, 1, 1, 1, 0, 0, 0, 1, 0, 0, 0, 0, 0])(0.6277579023154813, 6.0)
Individual('i', [1, 0, 0, 0, 0, 1, 1, 1, 0, 1, 0, 1, 0, 1, 0, 1, 0])(0.6276431352304452, 8.0)
Individual('i', [1, 1, 0, 0, 0, 1, 0, 0, 0, 0, 0, 0, 0, 1, 0, 1, 0])(0.627590779588697, 5.0)
Individual('i', [1, 1, 0, 0, 0, 1, 0, 0, 0, 0, 0, 1, 0, 1, 0, 1, 0])(0.6274636628348095, 6.0)
Individual('i', [0, 0, 0, 0, 0, 1, 0, 0, 0, 0, 0, 1, 0, 0, 0, 1, 1])(0.6273529451292038, 4.0)
Individual('i', [0, 0, 0, 0, 0, 1, 0, 0, 0, 0, 0, 0, 0, 1, 0, 0, 0])(0.6273065680181558, 2.0)
Individual('i', [0, 0, 0, 0, 0, 1, 0, 1, 0, 0, 0, 1, 0, 1, 0, 1, 0])(0.6271350538709695, 5.0)
Individual('i', [1, 1, 0, 1, 0, 0, 1, 0, 0, 0, 0, 1, 1, 1, 0, 1, 0])(0.6271019401351577, 8.0)
Individual('i', [1, 0, 0, 0, 0, 0, 0, 0, 0, 0, 1, 0, 1, 0, 0, 0, 0])(0.6267294206046113, 3.0)
Individual('i', [0, 0, 0, 1, 0, 0, 0, 0, 0, 0, 0, 0, 1, 0, 0, 0, 0])(0.6264501890067973, 2.0)
Individual('i', [0, 1, 0, 0, 0, 0, 0, 0, 0, 0, 0, 1, 0, 1, 0, 1, 0])(0.6264304012161331, 4.0)
Individual('i', [1, 1, 0, 0, 0, 1, 0, 1, 0, 0, 0, 1, 0, 1, 0, 1, 0])(0.6263957628892325, 7.0)
Individual('i', [1, 0, 1, 1, 0, 1, 0, 0, 1, 0, 0, 0, 1, 0, 0, 0, 0])(0.6263471468485222, 6.0)
Individual('i', [1, 0, 0, 0, 0, 1, 0, 0, 0, 1, 1, 0, 1, 0, 0, 0, 0])(0.6262835803356784, 5.0)
Individual('i', [1, 0, 1, 1, 0, 1, 1, 1, 0, 1, 1, 0, 0, 1, 1, 0, 0])(0.6260181096551894, 10.0)
Individual('i', [0, 0, 0, 0, 0, 1, 0, 0, 1, 0, 0, 0, 0, 0, 0, 0, 0])(0.6257761706879833, 2.0)
Individual('i', [0, 0, 0, 0, 0, 0, 0, 0, 1, 0, 0, 1, 0, 0, 0, 0, 0])(0.6257357080343627, 2.0)
Individual('i', [0, 0, 0, 0, 0, 0, 0, 0, 1, 0, 0, 0, 1, 0, 0, 0, 0])(0.6257331614895497, 2.0)
Individual('i', [1, 1, 0, 0, 1, 1, 0, 1, 0, 0, 0, 1, 0, 1, 0, 1, 0])(0.6257129078292997, 8.0)
Individual('i', [1, 1, 0, 0, 0, 1, 1, 0, 0, 0, 1, 1, 0, 1, 0, 1, 0])(0.6254323265702344, 8.0)
Individual('i', [0, 0, 1, 0, 1, 0, 1, 0, 0, 0, 1, 0, 0, 0, 0, 1, 1])(0.6254230240761705, 6.0)
Individual('i', [1, 1, 0, 0, 0, 1, 1, 1, 0, 0, 0, 1, 0, 0, 0, 1, 0])(0.6253403839416485, 7.0)
Individual('i', [0, 1, 0, 0, 0, 1, 0, 0, 1, 0, 0, 0, 0, 0, 0, 0, 0])(0.625252824865133, 3.0)
Individual('i', [0, 0, 0, 0, 0, 1, 0, 0, 0, 0, 0, 0, 0, 0, 0, 1, 1])(0.6249099927058369, 3.0)
Individual('i', [1, 1, 1, 0, 0, 0, 1, 1, 0, 1, 0, 0, 0, 0, 1, 1, 0])(0.624892426121746, 8.0)
Individual('i', [1, 0, 0, 0, 0, 0, 0, 0, 0, 0, 0, 0, 0, 0, 0, 0, 0])(0.6248263254676875, 1.0)
Individual('i', [1, 0, 0, 1, 0, 1, 1, 0, 0, 0, 1, 1, 0, 1, 0, 0, 1])(0.6246768705849511, 8.0)
Individual('i', [0, 0, 0, 0, 0, 1, 1, 1, 0, 0, 0, 0, 0, 0, 0, 0, 0])(0.6245707395090719, 3.0)
Individual('i', [0, 0, 0, 0, 0, 1, 0, 0, 0, 0, 0, 0, 0, 0, 0, 1, 0])(0.6245635846166928, 2.0)
Individual('i', [0, 0, 1, 0, 1, 0, 1, 0, 0, 0, 0, 0, 0, 0, 0, 0, 1])(0.6244729956969903, 4.0)
Individual('i', [0, 1, 1, 0, 0, 1, 0, 0, 0, 0, 0, 0, 0, 0, 0, 0, 0])(0.62446387027184, 3.0)
Individual('i', [0, 0, 0, 0, 0, 0, 0, 0, 1, 0, 0, 0, 0, 0, 0, 0, 0])(0.6243624273648204, 1.0)
Individual('i', [1, 1, 1, 0, 0, 1, 1, 1, 0, 0, 0, 0, 0, 1, 0, 0, 1])(0.6243605299459333, 8.0)
Individual('i', [0, 0, 1, 0, 1, 0, 1, 0, 0, 0, 0, 0, 0, 0, 0, 0, 0])(0.6243585085785992, 3.0)
Individual('i', [0, 1, 0, 0, 0, 1, 0, 1, 1, 1, 0, 1, 0, 1, 0, 1, 0])(0.6242994291606413, 8.0)
Individual('i', [0, 1, 1, 0, 0, 0, 0, 0, 0, 0, 0, 0, 0, 0, 0, 0, 0])(0.6239933766588979, 2.0)
Individual('i', [0, 0, 0, 0, 0, 1, 0, 0, 0, 0, 0, 0, 1, 0, 0, 0, 1])(0.6239285773265082, 3.0)
Individual('i', [1, 0, 1, 0, 0, 1, 1, 1, 0, 0, 0, 1, 0, 1, 0, 1, 0])(0.6238583931767074, 8.0)
Individual('i', [1, 1, 0, 0, 0, 1, 1, 1, 0, 0, 0, 1, 0, 1, 0, 0, 1])(0.623825332959732, 8.0)
Individual('i', [1, 1, 1, 0, 0, 0, 1, 1, 0, 0, 0, 1, 0, 1, 0, 1, 0])(0.6236940076166642, 8.0)
Individual('i', [1, 0, 0, 0, 0, 1, 0, 0, 0, 0, 0, 1, 0, 1, 0, 1, 0])(0.6236912829436188, 5.0)
Individual('i', [0, 1, 0, 0, 0, 1, 1, 1, 0, 0, 0, 0, 0, 0, 0, 0, 0])(0.623689876581622, 4.0)
Individual('i', [0, 0, 1, 0, 1, 0, 1, 0, 0, 0, 0, 0, 0, 0, 0, 1, 1])(0.6236799167822198, 5.0)
Individual('i', [0, 1, 0, 0, 0, 1, 1, 1, 0, 0, 0, 1, 0, 0, 0, 0, 0])(0.6235659294925506, 5.0)
Individual('i', [0, 1, 0, 0, 1, 1, 1, 1, 0, 0, 0, 1, 0, 0, 0, 0, 0])(0.6235506973783539, 6.0)
Individual('i', [0, 0, 0, 0, 0, 1, 1, 1, 0, 0, 0, 1, 0, 0, 0, 0, 0])(0.6235120462744694, 4.0)
Individual('i', [1, 0, 0, 0, 1, 1, 1, 1, 0, 1, 1, 1, 1, 0, 0, 0, 0])(0.6235080888990367, 9.0)
Individual('i', [1, 1, 0, 0, 0, 1, 1, 1, 1, 0, 0, 1, 0, 1, 0, 0, 0])(0.6234845618293241, 8.0)
Individual('i', [0, 0, 0, 0, 0, 1, 1, 0, 0, 0, 0, 0, 0, 0, 0, 0, 0])(0.6234798669286756, 2.0)
Individual('i', [0, 0, 1, 0, 1, 1, 0, 0, 0, 0, 0, 1, 1, 0, 0, 0, 0])(0.623429126262162, 5.0)
Individual('i', [0, 0, 0, 0, 0, 1, 0, 0, 0, 0, 1, 1, 0, 1, 0, 0, 0])(0.6234242455074026, 4.0)
Individual('i', [1, 1, 0, 0, 0, 1, 1, 1, 0, 0, 0, 0, 0, 1, 0, 1, 0])(0.6233937436411879, 7.0)
Individual('i', [1, 0, 1, 1, 0, 1, 1, 0, 0, 0, 0, 1, 0, 1, 0, 1, 0])(0.6233018302179786, 8.0)
Individual('i', [0, 1, 0, 1, 1, 1, 1, 1, 0, 0, 0, 0, 0, 1, 1, 0, 0])(0.6232251232987566, 8.0)
Individual('i', [1, 1, 0, 0, 0, 1, 0, 1, 0, 0, 0, 1, 0, 1, 0, 1, 1])(0.6231844336240766, 8.0)
Individual('i', [1, 1, 0, 0, 0, 0, 1, 0, 0, 1, 0, 1, 1, 1, 0, 1, 0])(0.623175259257245, 8.0)
Individual('i', [0, 1, 0, 0, 0, 0, 0, 1, 0, 0, 0, 1, 0, 0, 0, 0, 0])(0.6231668737773723, 3.0)
Individual('i', [1, 1, 0, 0, 0, 1, 1, 1, 0, 0, 0, 0, 0, 1, 0, 1, 1])(0.6231604704252837, 8.0)
Individual('i', [0, 1, 0, 0, 0, 1, 0, 0, 0, 0, 0, 0, 0, 0, 0, 0, 0])(0.6231465428913727, 2.0)
Individual('i', [1, 1, 0, 1, 0, 1, 1, 1, 0, 0, 0, 1, 0, 0, 1, 1, 1])(0.6231138231318697, 10.0)
Individual('i', [1, 1, 0, 0, 0, 1, 1, 0, 0, 0, 0, 1, 0, 1, 0, 1, 0])(0.6231056694518582, 7.0)
Individual('i', [1, 1, 0, 0, 0, 1, 1, 1, 0, 1, 0, 1, 0, 1, 0, 1, 0])(0.623095570226469, 9.0)
Individual('i', [0, 0, 0, 0, 0, 1, 1, 1, 0, 0, 0, 1, 0, 1, 0, 1, 0])(0.6230891062602907, 6.0)
Individual('i', [0, 0, 0, 1, 0, 0, 1, 0, 1, 0, 1, 0, 0, 0, 0, 0, 0])(0.6230266262207035, 4.0)
Individual('i', [1, 0, 0, 0, 0, 1, 1, 1, 0, 0, 0, 1, 0, 1, 1, 1, 0])(0.6229848533614247, 8.0)
Individual('i', [1, 1, 1, 0, 0, 1, 1, 0, 0, 0, 0, 1, 0, 1, 0, 1, 0])(0.6229535099588093, 8.0)
Individual('i', [0, 1, 0, 0, 0, 0, 0, 0, 0, 0, 0, 0, 1, 0, 0, 0, 0])(0.6229446833989145, 2.0)
Individual('i', [1, 1, 1, 0, 0, 1, 1, 1, 0, 0, 0, 1, 0, 0, 0, 1, 0])(0.6228721511168985, 8.0)
Individual('i', [1, 0, 0, 0, 1, 1, 0, 1, 0, 0, 0, 1, 0, 1, 0, 1, 1])(0.6228591279189817, 8.0)
Individual('i', [0, 0, 0, 0, 0, 1, 1, 1, 0, 0, 0, 1, 0, 1, 0, 0, 1])(0.6228112629280625, 6.0)
Individual('i', [1, 0, 1, 0, 1, 0, 1, 0, 0, 1, 1, 0, 1, 0, 0, 0, 0])(0.6227891371388716, 7.0)
Individual('i', [0, 1, 0, 0, 0, 1, 1, 1, 0, 1, 0, 1, 0, 1, 0, 1, 0])(0.622783035096864, 8.0)
Individual('i', [0, 0, 0, 0, 0, 0, 0, 0, 0, 0, 0, 0, 0, 0, 0, 0, 1])(0.6227781356848165, 1.0)
Individual('i', [0, 0, 0, 0, 0, 1, 0, 0, 0, 0, 0, 1, 0, 1, 0, 1, 0])(0.6227706852700698, 4.0)
Individual('i', [1, 0, 0, 0, 0, 1, 0, 0, 0, 0, 0, 0, 0, 0, 1, 1, 0])(0.6227227529901934, 4.0)
Individual('i', [0, 0, 0, 0, 0, 0, 0, 1, 0, 0, 0, 0, 0, 0, 0, 0, 0])(0.6227114059074527, 1.0)
Individual('i', [0, 0, 0, 0, 0, 1, 0, 1, 0, 0, 0, 0, 0, 0, 0, 0, 0])(0.6227055481429241, 2.0)
Individual('i', [1, 1, 0, 0, 0, 1, 1, 1, 0, 0, 0, 0, 0, 0, 0, 1, 0])(0.6226915044649336, 6.0)
Individual('i', [0, 0, 0, 0, 0, 1, 0, 0, 0, 0, 0, 1, 0, 0, 0, 0, 0])(0.6226914132135749, 2.0)
Individual('i', [0, 1, 0, 0, 0, 0, 0, 0, 1, 0, 0, 0, 0, 0, 0, 0, 0])(0.6226799734461879, 2.0)
Individual('i', [0, 0, 0, 0, 0, 1, 0, 0, 0, 1, 1, 0, 1, 0, 1, 0, 1])(0.622671676406757, 6.0)
Individual('i', [1, 0, 0, 0, 1, 1, 1, 0, 1, 0, 0, 0, 0, 0, 0, 0, 0])(0.6226573222046549, 5.0)
Individual('i', [0, 1, 0, 1, 0, 1, 1, 1, 0, 0, 1, 1, 0, 0, 0, 1, 0])(0.6226452330270204, 8.0)
Individual('i', [1, 1, 0, 0, 1, 1, 1, 0, 0, 0, 0, 1, 0, 1, 0, 1, 0])(0.6225937682577961, 8.0)
Individual('i', [0, 1, 0, 0, 0, 1, 1, 1, 0, 0, 1, 1, 0, 1, 0, 1, 0])(0.6225919311121358, 8.0)
Individual('i', [1, 1, 0, 0, 0, 1, 1, 1, 0, 0, 0, 0, 1, 1, 0, 1, 0])(0.6224905362881288, 8.0)
Individual('i', [0, 0, 1, 0, 0, 1, 0, 0, 0, 0, 0, 0, 0, 0, 0, 1, 1])(0.622465995597796, 4.0)
