Individual('i', [0, 0, 0, 0, 0, 0, 1, 0, 0, 1, 0, 0, 0, 0, 0, 0, 0])(0.6320064018727083, 2.0)
Individual('i', [0, 0, 0, 1, 0, 0, 1, 0, 0, 1, 0, 0, 0, 0, 0, 0, 0])(0.6289700823261334, 3.0)
Individual('i', [0, 0, 0, 1, 0, 0, 0, 0, 0, 1, 0, 0, 0, 1, 0, 1, 0])(0.6284979950009881, 4.0)
Individual('i', [0, 0, 0, 1, 0, 0, 0, 0, 0, 1, 0, 0, 0, 0, 0, 0, 0])(0.6282596126865847, 2.0)
Individual('i', [0, 0, 1, 1, 0, 0, 1, 0, 0, 1, 0, 0, 0, 1, 0, 1, 0])(0.6279582120411208, 6.0)
Individual('i', [0, 0, 0, 0, 0, 1, 0, 0, 0, 1, 0, 0, 0, 0, 0, 0, 0])(0.6277908472258205, 2.0)
Individual('i', [0, 0, 1, 1, 0, 1, 1, 0, 0, 0, 0, 1, 0, 1, 0, 1, 0])(0.6277157930834898, 7.0)
Individual('i', [0, 1, 1, 0, 1, 1, 1, 0, 1, 0, 1, 1, 1, 1, 1, 0, 0])(0.6276558775676304, 11.0)
Individual('i', [0, 0, 0, 0, 0, 0, 0, 0, 0, 1, 0, 0, 0, 0, 0, 0, 0])(0.6274774624727955, 1.0)
Individual('i', [0, 0, 0, 0, 0, 0, 0, 0, 0, 1, 1, 0, 0, 0, 0, 0, 0])(0.6274538002277926, 2.0)
Individual('i', [0, 1, 0, 0, 0, 0, 0, 0, 0, 0, 0, 0, 0, 1, 1, 0, 0])(0.6273870484020445, 3.0)
Individual('i', [0, 1, 0, 0, 0, 0, 0, 0, 0, 0, 0, 0, 1, 1, 0, 1, 0])(0.6273270853656288, 4.0)
Individual('i', [1, 1, 0, 0, 0, 1, 0, 0, 0, 0, 0, 1, 0, 1, 0, 0, 0])(0.6272608095375163, 5.0)
Individual('i', [0, 1, 0, 0, 0, 0, 0, 0, 0, 0, 0, 0, 1, 1, 1, 0, 0])(0.6272518442762742, 4.0)
Individual('i', [0, 0, 0, 0, 0, 1, 0, 0, 0, 0, 0, 0, 0, 1, 0, 1, 0])(0.6271931416536075, 3.0)
Individual('i', [0, 0, 0, 1, 0, 0, 0, 0, 0, 0, 0, 0, 0, 0, 0, 0, 0])(0.6269982772230096, 1.0)
Individual('i', [0, 0, 0, 0, 0, 0, 0, 0, 0, 0, 0, 0, 1, 1, 0, 1, 1])(0.6269719321444522, 4.0)
Individual('i', [1, 1, 1, 0, 1, 1, 0, 1, 1, 0, 1, 1, 0, 1, 1, 0, 0])(0.6268492343556131, 11.0)
Individual('i', [1, 1, 0, 0, 0, 0, 1, 0, 0, 0, 0, 0, 1, 1, 0, 0, 0])(0.6266503881676657, 5.0)
Individual('i', [1, 0, 1, 0, 0, 0, 0, 0, 1, 1, 1, 0, 0, 0, 0, 0, 0])(0.6266118717173044, 5.0)
Individual('i', [0, 1, 1, 1, 0, 1, 1, 0, 0, 0, 0, 0, 0, 1, 1, 1, 0])(0.6266051241120417, 8.0)
Individual('i', [0, 1, 1, 1, 1, 1, 0, 1, 0, 1, 0, 0, 0, 1, 1, 1, 0])(0.6265963022950641, 10.0)
Individual('i', [0, 1, 0, 0, 0, 0, 0, 0, 0, 0, 0, 1, 0, 0, 0, 0, 0])(0.6264556776926946, 2.0)
Individual('i', [1, 0, 0, 0, 0, 0, 0, 0, 0, 1, 0, 0, 0, 0, 0, 0, 0])(0.6264507161630417, 2.0)
Individual('i', [1, 1, 1, 1, 1, 1, 0, 1, 0, 1, 0, 0, 0, 1, 1, 1, 0])(0.6264030072678329, 11.0)
Individual('i', [1, 0, 1, 0, 0, 1, 1, 0, 1, 1, 1, 0, 0, 0, 0, 0, 0])(0.6263722729300453, 7.0)
Individual('i', [0, 0, 0, 0, 0, 0, 0, 0, 0, 0, 0, 0, 1, 1, 1, 0, 0])(0.6262561833526977, 3.0)
Individual('i', [0, 0, 1, 0, 0, 0, 0, 0, 0, 1, 0, 0, 0, 0, 0, 0, 0])(0.6261493548952586, 2.0)
Individual('i', [1, 1, 1, 1, 0, 1, 1, 1, 1, 0, 1, 0, 1, 0, 0, 1, 1])(0.6259488756987094, 12.0)
Individual('i', [0, 0, 1, 0, 0, 1, 0, 1, 1, 0, 0, 0, 0, 1, 0, 1, 0])(0.6258307927303929, 6.0)
Individual('i', [0, 1, 1, 1, 1, 1, 0, 1, 0, 1, 0, 0, 0, 0, 1, 0, 0])(0.6257979705371054, 8.0)
Individual('i', [0, 0, 0, 0, 0, 0, 1, 0, 0, 0, 0, 0, 1, 1, 0, 1, 0])(0.6257751215496816, 4.0)
Individual('i', [0, 1, 0, 0, 0, 0, 0, 0, 0, 0, 0, 0, 0, 0, 0, 0, 0])(0.6256927392930337, 1.0)
Individual('i', [1, 1, 0, 0, 0, 1, 0, 0, 0, 0, 0, 0, 1, 1, 0, 0, 0])(0.6255694300448756, 5.0)
Individual('i', [1, 0, 1, 0, 1, 1, 1, 0, 1, 0, 0, 0, 0, 1, 0, 0, 0])(0.6255576394117361, 7.0)
Individual('i', [0, 0, 1, 0, 0, 0, 0, 0, 0, 0, 0, 0, 0, 1, 0, 1, 0])(0.6254062491227657, 3.0)
Individual('i', [0, 0, 0, 0, 0, 0, 1, 0, 0, 0, 0, 1, 0, 0, 0, 0, 0])(0.6253805207072121, 2.0)
Individual('i', [1, 1, 1, 0, 0, 0, 0, 0, 0, 0, 0, 1, 0, 0, 1, 1, 1])(0.6250672881947992, 7.0)
Individual('i', [0, 1, 0, 0, 0, 1, 0, 1, 1, 0, 0, 0, 0, 1, 0, 1, 0])(0.624954102247954, 6.0)
Individual('i', [0, 1, 1, 0, 0, 0, 0, 0, 0, 0, 0, 0, 0, 0, 1, 0, 0])(0.6248627135200151, 3.0)
Individual('i', [1, 0, 0, 0, 0, 0, 0, 0, 0, 0, 0, 1, 0, 1, 0, 0, 1])(0.6248531722339333, 4.0)
Individual('i', [0, 1, 0, 0, 0, 0, 0, 0, 0, 1, 0, 0, 1, 1, 0, 1, 0])(0.624833769039333, 5.0)
Individual('i', [0, 0, 1, 1, 0, 1, 1, 0, 0, 1, 0, 0, 0, 0, 0, 0, 0])(0.624708864508713, 5.0)
Individual('i', [0, 1, 0, 0, 0, 0, 0, 0, 0, 0, 0, 0, 0, 0, 1, 0, 0])(0.6246855790544223, 2.0)
Individual('i', [1, 0, 0, 0, 1, 1, 0, 0, 0, 0, 0, 0, 0, 1, 0, 1, 1])(0.6245959901748311, 6.0)
Individual('i', [0, 0, 0, 1, 0, 0, 1, 0, 0, 0, 0, 0, 0, 0, 0, 0, 0])(0.624571127035233, 2.0)
Individual('i', [1, 0, 1, 0, 1, 1, 1, 0, 0, 0, 0, 1, 0, 1, 0, 0, 0])(0.6245661440302428, 7.0)
Individual('i', [0, 0, 0, 1, 0, 1, 1, 0, 0, 0, 0, 1, 0, 0, 0, 0, 0])(0.6244880630420749, 4.0)
Individual('i', [0, 1, 0, 0, 0, 0, 1, 0, 0, 0, 0, 0, 0, 0, 0, 1, 1])(0.6243377527827232, 4.0)
Individual('i', [0, 0, 0, 0, 1, 1, 1, 1, 1, 0, 0, 0, 0, 0, 0, 0, 1])(0.6242443792180244, 6.0)
Individual('i', [0, 1, 0, 1, 0, 1, 0, 0, 0, 0, 0, 0, 0, 0, 0, 0, 0])(0.6241902918564572, 3.0)
Individual('i', [0, 0, 0, 0, 1, 0, 0, 0, 0, 1, 0, 0, 0, 0, 0, 0, 0])(0.6239592600962208, 2.0)
Individual('i', [0, 1, 0, 0, 0, 0, 0, 0, 0, 1, 0, 0, 0, 0, 0, 0, 0])(0.6238972883351921, 2.0)
Individual('i', [0, 0, 0, 0, 1, 0, 1, 0, 0, 0, 0, 0, 0, 1, 0, 0, 0])(0.6238502726830631, 3.0)
Individual('i', [0, 0, 0, 0, 0, 0, 0, 0, 0, 0, 0, 1, 0, 0, 0, 0, 0])(0.6238266031752662, 1.0)
Individual('i', [0, 1, 1, 0, 0, 0, 1, 0, 0, 0, 0, 0, 0, 0, 1, 0, 0])(0.6237375942621551, 4.0)
Individual('i', [1, 1, 0, 1, 0, 0, 0, 0, 0, 0, 0, 0, 0, 1, 0, 0, 0])(0.6236188819390068, 4.0)
Individual('i', [1, 1, 1, 1, 1, 1, 0, 1, 0, 0, 0, 1, 0, 1, 0, 0, 0])(0.6236060278094243, 9.0)
Individual('i', [0, 0, 0, 0, 0, 0, 0, 0, 0, 1, 0, 1, 0, 0, 0, 0, 0])(0.6234348771766836, 2.0)
Individual('i', [1, 1, 0, 1, 0, 0, 0, 0, 0, 1, 0, 0, 0, 1, 0, 0, 0])(0.623269968671486, 5.0)
Individual('i', [1, 1, 0, 0, 0, 1, 1, 1, 1, 0, 1, 0, 1, 0, 0, 1, 1])(0.6232598442901193, 10.0)
Individual('i', [0, 0, 0, 1, 0, 1, 1, 0, 1, 0, 1, 1, 1, 1, 1, 0, 0])(0.6231964459335702, 9.0)
Individual('i', [0, 1, 0, 1, 0, 0, 0, 0, 0, 1, 0, 0, 0, 0, 0, 0, 0])(0.6231907115660067, 3.0)
Individual('i', [0, 0, 0, 0, 0, 1, 0, 0, 1, 0, 0, 0, 0, 1, 0, 0, 0])(0.6231389412960471, 3.0)
Individual('i', [0, 0, 0, 0, 0, 0, 0, 0, 0, 0, 0, 0, 0, 1, 0, 0, 0])(0.6231230309787301, 1.0)
Individual('i', [0, 1, 0, 0, 1, 0, 1, 0, 0, 0, 0, 0, 0, 0, 0, 1, 1])(0.6231187829125164, 5.0)
Individual('i', [1, 0, 0, 1, 0, 0, 0, 1, 0, 1, 0, 0, 0, 1, 0, 1, 1])(0.6230706561337918, 7.0)
Individual('i', [1, 0, 0, 0, 0, 0, 0, 0, 0, 0, 0, 0, 0, 0, 0, 0, 0])(0.6230136649515308, 1.0)
Individual('i', [1, 1, 0, 0, 0, 0, 0, 0, 0, 0, 0, 1, 0, 1, 0, 0, 0])(0.6229372787116944, 4.0)
Individual('i', [0, 0, 0, 0, 0, 1, 0, 0, 0, 0, 0, 0, 0, 0, 0, 0, 0])(0.6229072691522832, 1.0)
Individual('i', [0, 0, 0, 1, 1, 0, 0, 0, 0, 1, 0, 0, 0, 0, 0, 0, 0])(0.6228717160534859, 3.0)
Individual('i', [0, 0, 0, 0, 0, 0, 1, 0, 0, 1, 0, 1, 0, 0, 0, 0, 0])(0.6228028921840449, 3.0)
Individual('i', [0, 1, 1, 0, 1, 1, 1, 0, 1, 0, 0, 0, 0, 0, 0, 0, 0])(0.6227963728129237, 6.0)
Individual('i', [0, 0, 0, 0, 1, 0, 0, 0, 1, 0, 0, 0, 0, 0, 0, 1, 1])(0.6227102506528766, 4.0)
Individual('i', [0, 0, 0, 1, 0, 0, 1, 0, 1, 0, 1, 1, 0, 0, 0, 0, 0])(0.6227053713564751, 5.0)
Individual('i', [0, 0, 0, 0, 0, 0, 0, 0, 0, 1, 0, 0, 0, 0, 0, 1, 1])(0.6226929752160244, 3.0)
Individual('i', [0, 0, 0, 0, 0, 1, 0, 0, 0, 1, 1, 1, 1, 1, 0, 0, 0])(0.6226695737190272, 6.0)
Individual('i', [0, 0, 0, 0, 0, 0, 0, 0, 0, 1, 0, 0, 0, 1, 0, 0, 0])(0.622657182123325, 2.0)
Individual('i', [1, 1, 0, 1, 1, 1, 0, 1, 1, 0, 1, 1, 0, 1, 1, 0, 0])(0.6226535540786207, 11.0)
Individual('i', [0, 0, 1, 1, 1, 0, 0, 0, 0, 0, 0, 0, 0, 1, 1, 0, 0])(0.6225709300191269, 5.0)
Individual('i', [0, 0, 1, 0, 1, 1, 1, 0, 1, 0, 0, 0, 0, 1, 0, 1, 0])(0.6224947319734462, 7.0)
Individual('i', [1, 1, 1, 0, 0, 1, 0, 0, 0, 1, 0, 1, 0, 0, 0, 1, 1])(0.6224936030122604, 8.0)
Individual('i', [1, 1, 1, 1, 1, 1, 0, 1, 0, 1, 0, 0, 0, 0, 1, 1, 1])(0.6224699220598601, 11.0)
Individual('i', [0, 1, 0, 0, 0, 0, 0, 0, 0, 0, 0, 1, 0, 0, 0, 1, 0])(0.6224525171526715, 3.0)
Individual('i', [0, 0, 1, 1, 0, 1, 1, 0, 0, 0, 0, 1, 0, 0, 0, 1, 0])(0.6224204010042329, 6.0)
Individual('i', [0, 1, 1, 0, 1, 1, 1, 0, 0, 0, 1, 1, 1, 1, 1, 0, 0])(0.6223800912169037, 10.0)
Individual('i', [1, 1, 0, 0, 0, 0, 0, 0, 0, 0, 0, 0, 0, 1, 1, 1, 0])(0.6223584292253806, 5.0)
Individual('i', [0, 1, 0, 0, 0, 0, 0, 0, 0, 0, 0, 0, 0, 1, 0, 0, 0])(0.6223380770056762, 2.0)
Individual('i', [1, 1, 1, 1, 0, 1, 1, 1, 1, 0, 1, 1, 0, 1, 0, 1, 1])(0.6222674265179536, 13.0)
Individual('i', [0, 0, 0, 0, 0, 1, 0, 0, 0, 0, 0, 1, 1, 1, 1, 0, 0])(0.622255280894658, 5.0)
Individual('i', [0, 0, 0, 0, 0, 1, 0, 0, 0, 0, 0, 0, 1, 0, 0, 1, 0])(0.6222188134932958, 3.0)
Individual('i', [0, 0, 0, 1, 0, 0, 0, 0, 0, 1, 0, 1, 0, 0, 0, 0, 0])(0.6221738894165104, 3.0)
Individual('i', [0, 0, 1, 1, 0, 0, 0, 0, 0, 1, 0, 0, 0, 0, 0, 0, 0])(0.6221431736405207, 3.0)
Individual('i', [0, 1, 0, 0, 0, 0, 0, 1, 1, 0, 0, 0, 0, 1, 0, 1, 0])(0.6221166070992872, 5.0)
Individual('i', [0, 0, 0, 0, 0, 0, 1, 0, 0, 0, 0, 0, 0, 0, 0, 0, 0])(0.6220791162589129, 1.0)
Individual('i', [0, 0, 0, 0, 1, 1, 0, 0, 0, 0, 0, 1, 0, 1, 0, 1, 0])(0.622064483068044, 5.0)
Individual('i', [0, 1, 0, 0, 0, 0, 1, 0, 0, 0, 0, 1, 0, 0, 0, 0, 0])(0.622054675608877, 3.0)
Individual('i', [0, 1, 0, 0, 0, 0, 0, 0, 0, 0, 0, 0, 1, 0, 1, 0, 0])(0.6220519753900134, 3.0)
Individual('i', [0, 0, 0, 0, 0, 0, 0, 0, 0, 0, 0, 0, 0, 1, 0, 1, 0])(0.6220509520040565, 2.0)
