Individual('i', [0, 0, 1, 0, 0, 0, 0, 0, 0, 0, 1, 0, 0, 0, 0, 0, 0])(0.9879691345653963, 2.0)
Individual('i', [0, 0, 0, 0, 1, 0, 0, 0, 0, 0, 1, 0, 0, 0, 0, 0, 0])(0.9879691345653963, 2.0)
Individual('i', [0, 0, 1, 0, 1, 0, 0, 0, 1, 0, 0, 0, 0, 0, 0, 0, 0])(0.9879691345653963, 3.0)
Individual('i', [0, 0, 0, 0, 1, 0, 0, 0, 0, 0, 1, 0, 0, 0, 0, 0, 1])(0.9879691345653963, 3.0)
Individual('i', [0, 0, 1, 0, 1, 0, 0, 0, 1, 0, 1, 0, 0, 0, 0, 0, 0])(0.9879691345653963, 4.0)
Individual('i', [0, 0, 1, 0, 0, 0, 0, 0, 0, 0, 1, 1, 0, 1, 0, 0, 0])(0.9879691345653963, 4.0)
Individual('i', [0, 1, 1, 0, 1, 0, 0, 0, 0, 0, 0, 1, 0, 0, 1, 0, 0])(0.9879691345653963, 5.0)
Individual('i', [0, 0, 1, 0, 0, 1, 1, 0, 1, 0, 0, 0, 0, 0, 1, 0, 0])(0.9879691345653963, 5.0)
Individual('i', [0, 0, 0, 0, 0, 1, 1, 0, 0, 0, 1, 1, 0, 1, 0, 0, 1])(0.9879691345653963, 6.0)
Individual('i', [0, 0, 1, 0, 0, 0, 0, 1, 0, 0, 1, 0, 0, 0, 0, 0, 0])(0.718158525497975, 3.0)
Individual('i', [0, 0, 1, 0, 1, 0, 0, 0, 0, 0, 1, 1, 0, 1, 0, 0, 0])(0.718158525497975, 5.0)
Individual('i', [0, 0, 1, 0, 0, 0, 0, 1, 0, 0, 1, 0, 0, 0, 1, 0, 0])(0.7090909090909091, 4.0)
Individual('i', [0, 0, 1, 0, 1, 0, 0, 0, 0, 0, 1, 0, 0, 0, 1, 0, 0])(0.7090909090909091, 4.0)
Individual('i', [1, 1, 0, 1, 1, 1, 1, 1, 1, 1, 1, 0, 0, 1, 0, 0, 1])(0.7090909090909091, 12.0)
Individual('i', [0, 0, 0, 0, 0, 1, 1, 0, 1, 0, 0, 0, 0, 0, 0, 0, 0])(0.708994708994709, 3.0)
Individual('i', [0, 0, 0, 0, 0, 1, 1, 0, 1, 0, 0, 0, 0, 0, 0, 0, 1])(0.708994708994709, 4.0)
Individual('i', [1, 0, 1, 1, 0, 0, 0, 0, 0, 1, 0, 0, 1, 0, 0, 0, 0])(0.708994708994709, 5.0)
Individual('i', [0, 0, 0, 1, 0, 0, 1, 0, 0, 1, 1, 0, 0, 0, 1, 0, 1])(0.708994708994709, 6.0)
Individual('i', [0, 1, 0, 0, 0, 0, 1, 1, 1, 1, 1, 0, 0, 1, 1, 0, 0])(0.708994708994709, 8.0)
Individual('i', [0, 1, 0, 0, 0, 0, 0, 1, 0, 0, 0, 0, 0, 0, 1, 0, 0])(0.7088524590163935, 3.0)
Individual('i', [0, 0, 0, 0, 0, 1, 1, 0, 1, 0, 0, 0, 0, 0, 1, 0, 0])(0.7088524590163935, 4.0)
Individual('i', [0, 0, 0, 1, 0, 0, 1, 0, 0, 1, 0, 0, 1, 0, 1, 0, 1])(0.7077024358130348, 6.0)
Individual('i', [1, 0, 1, 1, 0, 0, 0, 0, 0, 0, 1, 0, 0, 0, 0, 0, 0])(0.7011503630578444, 4.0)
Individual('i', [1, 0, 1, 1, 0, 0, 0, 1, 0, 1, 0, 0, 0, 1, 0, 1, 1])(0.7011503630578444, 8.0)
Individual('i', [0, 0, 0, 1, 1, 0, 1, 1, 1, 1, 1, 1, 0, 1, 1, 1, 1])(0.7011503630578444, 12.0)
Individual('i', [0, 0, 0, 0, 0, 0, 0, 0, 1, 0, 0, 0, 0, 0, 0, 0, 0])(0.7002700270027001, 1.0)
Individual('i', [0, 0, 0, 0, 0, 0, 0, 0, 0, 1, 0, 0, 0, 0, 0, 0, 0])(0.7002700270027001, 1.0)
Individual('i', [0, 0, 0, 0, 0, 0, 0, 0, 0, 0, 1, 0, 0, 0, 0, 0, 1])(0.7002700270027001, 2.0)
Individual('i', [0, 0, 0, 0, 0, 0, 0, 1, 0, 0, 1, 0, 0, 0, 0, 0, 0])(0.7002700270027001, 2.0)
Individual('i', [0, 1, 0, 0, 0, 0, 0, 1, 0, 0, 0, 0, 0, 0, 0, 0, 0])(0.7002700270027001, 2.0)
Individual('i', [0, 0, 1, 0, 1, 0, 0, 0, 0, 0, 1, 0, 0, 0, 0, 0, 0])(0.7002700270027001, 3.0)
Individual('i', [0, 1, 1, 0, 1, 0, 0, 0, 0, 0, 0, 0, 0, 0, 1, 0, 0])(0.7002700270027001, 4.0)
Individual('i', [0, 0, 0, 1, 0, 0, 1, 0, 0, 0, 1, 0, 0, 0, 1, 0, 0])(0.7002700270027001, 4.0)
Individual('i', [1, 0, 0, 0, 0, 0, 1, 0, 1, 0, 0, 0, 0, 1, 0, 0, 1])(0.7002700270027001, 5.0)
Individual('i', [0, 0, 1, 1, 0, 0, 0, 0, 0, 0, 1, 1, 0, 1, 0, 0, 0])(0.7002700270027001, 5.0)
Individual('i', [0, 0, 0, 0, 0, 1, 1, 0, 1, 0, 0, 0, 1, 1, 0, 1, 0])(0.7002700270027001, 6.0)
Individual('i', [0, 0, 0, 1, 1, 0, 0, 0, 0, 0, 1, 1, 0, 1, 1, 1, 1])(0.7002700270027001, 8.0)
Individual('i', [0, 0, 0, 1, 1, 0, 1, 1, 0, 1, 1, 1, 0, 1, 1, 1, 1])(0.7002700270027001, 11.0)
Individual('i', [0, 0, 0, 1, 0, 0, 1, 0, 0, 0, 1, 0, 0, 0, 0, 0, 0])(0.6999752045623605, 3.0)
Individual('i', [0, 0, 0, 0, 0, 0, 0, 0, 0, 0, 1, 0, 0, 0, 1, 0, 1])(0.6999752045623605, 3.0)
Individual('i', [0, 0, 1, 0, 0, 0, 0, 1, 0, 0, 0, 0, 0, 0, 1, 1, 0])(0.6999752045623605, 4.0)
Individual('i', [0, 0, 1, 0, 0, 1, 0, 1, 0, 0, 1, 0, 0, 0, 1, 0, 0])(0.6999752045623605, 5.0)
Individual('i', [0, 0, 1, 0, 1, 1, 1, 0, 1, 0, 0, 0, 0, 0, 0, 0, 1])(0.6999752045623605, 6.0)
Individual('i', [1, 0, 1, 0, 0, 1, 1, 0, 0, 0, 0, 0, 1, 1, 0, 1, 0])(0.6999752045623605, 7.0)
Individual('i', [0, 0, 0, 1, 1, 1, 1, 1, 1, 1, 1, 0, 0, 1, 0, 0, 1])(0.6999752045623605, 10.0)
Individual('i', [0, 0, 0, 0, 0, 0, 1, 0, 1, 0, 0, 0, 0, 0, 0, 0, 0])(0.6997766934083203, 2.0)
Individual('i', [0, 0, 0, 0, 0, 0, 1, 1, 0, 0, 1, 1, 0, 1, 0, 1, 1])(0.6993788819875777, 7.0)
Individual('i', [0, 0, 0, 0, 0, 0, 0, 0, 0, 0, 1, 0, 0, 0, 1, 0, 0])(0.6991869918699187, 2.0)
Individual('i', [1, 0, 1, 1, 0, 0, 0, 0, 0, 0, 0, 0, 0, 0, 0, 0, 0])(0.6991869918699187, 3.0)
Individual('i', [0, 0, 1, 0, 1, 0, 0, 1, 0, 0, 1, 0, 0, 0, 0, 0, 0])(0.6991869918699187, 4.0)
Individual('i', [0, 0, 0, 0, 0, 1, 1, 0, 0, 0, 1, 0, 0, 0, 0, 0, 1])(0.6991869918699187, 4.0)
Individual('i', [0, 0, 0, 0, 1, 0, 0, 0, 0, 0, 1, 0, 0, 0, 1, 0, 1])(0.6991869918699187, 4.0)
Individual('i', [1, 0, 1, 1, 0, 0, 0, 0, 0, 0, 1, 0, 0, 0, 1, 0, 0])(0.6991869918699187, 5.0)
Individual('i', [1, 0, 1, 0, 1, 0, 0, 0, 0, 0, 1, 0, 1, 0, 0, 0, 0])(0.6991869918699187, 5.0)
Individual('i', [0, 0, 1, 0, 1, 1, 0, 0, 0, 0, 1, 1, 0, 1, 0, 0, 0])(0.6991869918699187, 6.0)
Individual('i', [1, 1, 0, 1, 0, 1, 1, 0, 1, 0, 0, 0, 0, 1, 1, 0, 0])(0.6991869918699187, 8.0)
Individual('i', [1, 0, 1, 0, 0, 1, 1, 0, 1, 0, 0, 0, 1, 1, 0, 1, 0])(0.6991869918699187, 8.0)
Individual('i', [0, 1, 0, 1, 1, 1, 1, 1, 1, 1, 1, 0, 0, 0, 1, 0, 0])(0.6991869918699187, 10.0)
Individual('i', [0, 0, 1, 0, 1, 0, 0, 0, 1, 0, 1, 1, 0, 0, 0, 0, 0])(0.6978969072164949, 5.0)
Individual('i', [1, 0, 1, 1, 0, 0, 0, 0, 0, 0, 1, 0, 1, 0, 0, 0, 0])(0.6930709173715028, 5.0)
Individual('i', [0, 0, 0, 0, 0, 0, 1, 1, 1, 0, 0, 0, 0, 0, 0, 1, 1])(0.6924706649282921, 5.0)
Individual('i', [1, 1, 0, 1, 1, 1, 1, 1, 1, 0, 0, 0, 0, 1, 0, 0, 1])(0.6924706649282921, 10.0)
Individual('i', [0, 0, 0, 0, 0, 0, 0, 0, 0, 0, 0, 0, 0, 0, 0, 0, 1])(0.6916666666666667, 1.0)
Individual('i', [0, 0, 0, 0, 0, 0, 0, 0, 0, 0, 0, 0, 0, 0, 0, 1, 0])(0.6916666666666667, 1.0)
Individual('i', [0, 0, 0, 0, 0, 0, 0, 0, 0, 0, 1, 1, 0, 0, 0, 0, 0])(0.6916666666666667, 2.0)
Individual('i', [0, 0, 0, 1, 0, 0, 1, 0, 0, 0, 0, 0, 0, 0, 0, 0, 0])(0.6916666666666667, 2.0)
Individual('i', [0, 0, 0, 0, 0, 0, 0, 0, 1, 0, 0, 0, 0, 0, 0, 1, 0])(0.6916666666666667, 2.0)
Individual('i', [0, 0, 1, 0, 0, 0, 0, 0, 0, 0, 1, 0, 0, 0, 1, 0, 0])(0.6916666666666667, 3.0)
Individual('i', [1, 0, 1, 0, 0, 0, 0, 0, 0, 0, 1, 0, 0, 0, 0, 0, 0])(0.6916666666666667, 3.0)
Individual('i', [0, 0, 0, 1, 0, 0, 1, 0, 0, 1, 1, 0, 0, 0, 1, 0, 0])(0.6916666666666667, 5.0)
Individual('i', [0, 0, 0, 1, 0, 0, 1, 0, 1, 1, 1, 0, 0, 0, 0, 0, 0])(0.6916666666666667, 5.0)
Individual('i', [0, 0, 1, 0, 1, 1, 1, 0, 0, 0, 1, 0, 0, 0, 1, 0, 0])(0.6916666666666667, 6.0)
Individual('i', [1, 1, 0, 0, 0, 1, 1, 1, 1, 1, 1, 0, 0, 1, 0, 0, 1])(0.6916666666666667, 10.0)
Individual('i', [1, 1, 0, 1, 0, 1, 1, 1, 1, 1, 0, 0, 1, 1, 0, 1, 0])(0.6916666666666667, 11.0)
Individual('i', [0, 0, 0, 0, 1, 0, 0, 0, 0, 0, 0, 0, 0, 0, 0, 0, 0])(0.6909090909090909, 1.0)
Individual('i', [0, 1, 0, 0, 0, 0, 0, 0, 0, 0, 1, 0, 0, 0, 1, 0, 0])(0.6909090909090909, 3.0)
Individual('i', [0, 0, 0, 0, 0, 1, 1, 0, 1, 0, 1, 0, 0, 0, 0, 0, 0])(0.6909090909090909, 4.0)
Individual('i', [0, 0, 0, 1, 0, 1, 1, 0, 1, 0, 0, 0, 0, 0, 0, 0, 0])(0.6909090909090909, 4.0)
Individual('i', [1, 0, 0, 0, 0, 1, 1, 0, 0, 1, 1, 0, 0, 1, 0, 0, 0])(0.6909090909090909, 6.0)
Individual('i', [0, 0, 0, 0, 0, 0, 0, 0, 0, 0, 1, 0, 0, 0, 0, 0, 0])(0.6908068783068784, 1.0)
Individual('i', [0, 0, 0, 0, 0, 0, 0, 0, 0, 0, 1, 1, 0, 1, 0, 0, 0])(0.6908068783068784, 3.0)
Individual('i', [1, 0, 0, 0, 0, 0, 0, 0, 0, 0, 1, 0, 0, 0, 1, 0, 1])(0.6908068783068784, 4.0)
Individual('i', [0, 1, 0, 1, 0, 0, 0, 1, 0, 0, 0, 0, 0, 0, 1, 0, 0])(0.6908068783068784, 4.0)
Individual('i', [0, 0, 1, 0, 1, 0, 0, 0, 0, 0, 1, 1, 0, 0, 0, 0, 0])(0.6908068783068784, 4.0)
Individual('i', [0, 0, 0, 0, 1, 0, 0, 0, 0, 1, 0, 0, 0, 0, 1, 1, 0])(0.6908068783068784, 4.0)
Individual('i', [0, 0, 1, 0, 0, 0, 1, 0, 1, 0, 0, 0, 0, 0, 1, 0, 0])(0.6908068783068784, 4.0)
Individual('i', [0, 0, 1, 0, 1, 0, 0, 1, 0, 0, 1, 0, 0, 0, 1, 0, 0])(0.6908068783068784, 5.0)
Individual('i', [1, 0, 1, 0, 1, 0, 0, 0, 0, 0, 1, 0, 0, 0, 1, 0, 0])(0.6908068783068784, 5.0)
Individual('i', [0, 0, 1, 0, 1, 0, 0, 0, 1, 0, 0, 0, 0, 0, 1, 1, 0])(0.6908068783068784, 5.0)
Individual('i', [0, 0, 0, 0, 0, 1, 1, 0, 0, 1, 1, 0, 0, 0, 1, 0, 1])(0.6908068783068784, 6.0)
Individual('i', [0, 0, 0, 1, 1, 1, 1, 1, 1, 1, 1, 0, 0, 1, 0, 0, 0])(0.6908068783068784, 9.0)
Individual('i', [0, 1, 0, 0, 0, 0, 0, 0, 0, 0, 1, 0, 0, 0, 0, 0, 0])(0.6906557377049181, 2.0)
Individual('i', [0, 0, 0, 0, 0, 0, 1, 0, 0, 0, 1, 0, 0, 0, 0, 0, 0])(0.6906557377049181, 2.0)
Individual('i', [0, 0, 0, 0, 0, 0, 0, 0, 1, 0, 0, 0, 0, 0, 0, 0, 1])(0.6906557377049181, 2.0)
Individual('i', [0, 0, 1, 0, 0, 0, 0, 0, 0, 0, 1, 0, 0, 1, 0, 0, 0])(0.6906557377049181, 3.0)
Individual('i', [0, 0, 1, 0, 1, 0, 0, 0, 0, 0, 0, 0, 0, 0, 1, 0, 0])(0.6906557377049181, 3.0)
Individual('i', [0, 1, 0, 0, 0, 0, 0, 1, 0, 0, 1, 0, 0, 0, 0, 0, 0])(0.6906557377049181, 3.0)
Individual('i', [0, 0, 0, 0, 1, 0, 0, 0, 0, 0, 1, 0, 0, 0, 1, 0, 0])(0.6906557377049181, 3.0)
Individual('i', [0, 1, 0, 0, 0, 1, 0, 0, 1, 0, 0, 0, 0, 0, 0, 0, 0])(0.6906557377049181, 3.0)
