Individual('i', [0, 0, 0, 0, 0, 0, 0, 0, 0, 0, 0, 1, 0, 0, 0, 0, 0])(0.7272727272727273, 1.0)
Individual('i', [0, 0, 0, 1, 0, 0, 0, 0, 0, 0, 0, 0, 0, 0, 0, 0, 0])(0.7272727272727273, 1.0)
Individual('i', [0, 1, 1, 1, 0, 0, 0, 0, 0, 0, 1, 0, 0, 1, 0, 0, 0])(0.7272727272727273, 5.0)
Individual('i', [1, 1, 0, 0, 0, 1, 0, 0, 0, 0, 0, 0, 0, 1, 0, 0, 1])(0.7272727272727273, 5.0)
Individual('i', [1, 0, 0, 0, 1, 0, 0, 0, 0, 0, 0, 0, 0, 0, 0, 0, 0])(0.7271825396825395, 2.0)
Individual('i', [0, 0, 0, 0, 0, 1, 0, 0, 0, 0, 1, 0, 0, 0, 0, 0, 1])(0.7271825396825395, 3.0)
Individual('i', [0, 0, 1, 0, 0, 1, 0, 0, 0, 0, 1, 0, 0, 0, 0, 0, 1])(0.7271825396825395, 4.0)
Individual('i', [0, 0, 0, 0, 0, 0, 0, 0, 1, 1, 0, 0, 0, 1, 0, 0, 1])(0.7271825396825395, 4.0)
Individual('i', [0, 0, 0, 1, 1, 1, 1, 1, 1, 0, 0, 0, 0, 0, 0, 0, 0])(0.7271825396825395, 6.0)
Individual('i', [0, 0, 0, 1, 1, 1, 1, 0, 0, 1, 1, 0, 0, 1, 0, 1, 0])(0.7271825396825395, 8.0)
Individual('i', [0, 0, 0, 0, 0, 0, 0, 1, 0, 0, 0, 0, 0, 0, 0, 0, 0])(0.7270491803278689, 1.0)
Individual('i', [0, 0, 0, 0, 0, 1, 0, 0, 0, 0, 1, 0, 0, 0, 0, 0, 0])(0.7270491803278689, 2.0)
Individual('i', [0, 0, 0, 0, 0, 1, 0, 0, 0, 0, 0, 0, 0, 1, 0, 1, 0])(0.7270491803278689, 3.0)
Individual('i', [0, 0, 1, 0, 0, 0, 0, 1, 1, 0, 1, 0, 1, 0, 1, 0, 0])(0.7270491803278689, 6.0)
Individual('i', [0, 1, 1, 1, 1, 0, 1, 1, 0, 0, 1, 0, 0, 0, 0, 0, 0])(0.7270491803278689, 7.0)
Individual('i', [1, 0, 0, 0, 0, 0, 0, 1, 0, 0, 0, 0, 0, 0, 0, 0, 0])(0.7203575782202356, 2.0)
Individual('i', [0, 0, 0, 0, 0, 0, 0, 0, 1, 0, 0, 0, 0, 0, 0, 0, 0])(0.7184354799116276, 1.0)
Individual('i', [0, 0, 0, 0, 0, 1, 0, 0, 0, 0, 0, 0, 0, 0, 0, 0, 0])(0.7184354799116276, 1.0)
Individual('i', [0, 0, 0, 0, 0, 0, 0, 0, 0, 0, 0, 0, 0, 0, 0, 1, 0])(0.7184354799116276, 1.0)
Individual('i', [0, 0, 0, 1, 1, 0, 0, 0, 0, 0, 0, 0, 0, 0, 0, 0, 0])(0.7184354799116276, 2.0)
Individual('i', [0, 1, 0, 0, 0, 1, 0, 0, 0, 0, 0, 0, 0, 1, 0, 0, 1])(0.7184354799116276, 4.0)
Individual('i', [0, 1, 0, 0, 0, 0, 0, 0, 0, 1, 0, 0, 0, 1, 0, 0, 1])(0.7184354799116276, 4.0)
Individual('i', [0, 0, 1, 0, 0, 1, 0, 0, 0, 0, 0, 0, 1, 0, 1, 0, 0])(0.7184354799116276, 4.0)
Individual('i', [0, 1, 0, 0, 0, 1, 0, 1, 0, 0, 0, 0, 0, 0, 0, 0, 1])(0.7184354799116276, 4.0)
Individual('i', [1, 0, 1, 0, 1, 0, 0, 0, 1, 0, 0, 0, 0, 1, 0, 0, 0])(0.7184354799116276, 5.0)
Individual('i', [1, 1, 0, 1, 0, 1, 0, 1, 0, 0, 0, 0, 1, 1, 0, 0, 1])(0.7184354799116276, 8.0)
Individual('i', [1, 0, 1, 1, 1, 1, 0, 0, 1, 0, 0, 0, 1, 1, 0, 1, 1])(0.7184354799116276, 10.0)
Individual('i', [0, 0, 0, 0, 0, 0, 1, 0, 0, 0, 0, 0, 0, 0, 0, 0, 0])(0.718158525497975, 1.0)
Individual('i', [0, 0, 0, 0, 0, 0, 0, 0, 0, 0, 0, 0, 0, 0, 0, 0, 1])(0.718158525497975, 1.0)
Individual('i', [0, 0, 0, 0, 0, 0, 0, 0, 0, 0, 1, 0, 0, 0, 0, 0, 0])(0.718158525497975, 1.0)
Individual('i', [0, 0, 0, 0, 0, 0, 0, 0, 0, 0, 0, 0, 1, 0, 0, 0, 0])(0.718158525497975, 1.0)
Individual('i', [1, 0, 0, 0, 0, 0, 0, 0, 0, 0, 0, 0, 0, 0, 0, 0, 0])(0.718158525497975, 1.0)
Individual('i', [0, 0, 0, 0, 1, 0, 0, 0, 0, 0, 0, 0, 0, 0, 0, 0, 0])(0.718158525497975, 1.0)
Individual('i', [1, 0, 0, 0, 0, 1, 0, 0, 0, 0, 0, 0, 0, 0, 0, 0, 0])(0.718158525497975, 2.0)
Individual('i', [0, 0, 0, 0, 0, 0, 0, 1, 0, 0, 0, 0, 0, 0, 0, 1, 0])(0.718158525497975, 2.0)
Individual('i', [0, 0, 0, 0, 0, 0, 0, 0, 0, 0, 0, 0, 1, 0, 1, 0, 0])(0.718158525497975, 2.0)
Individual('i', [0, 0, 0, 0, 0, 1, 0, 0, 0, 0, 0, 0, 0, 1, 0, 0, 0])(0.718158525497975, 2.0)
Individual('i', [0, 0, 0, 0, 0, 0, 0, 1, 0, 0, 0, 0, 0, 1, 0, 0, 0])(0.718158525497975, 2.0)
Individual('i', [0, 0, 0, 0, 0, 0, 0, 0, 0, 0, 0, 0, 0, 1, 0, 1, 0])(0.718158525497975, 2.0)
Individual('i', [0, 0, 0, 0, 0, 1, 0, 0, 1, 0, 0, 0, 0, 0, 0, 0, 0])(0.718158525497975, 2.0)
Individual('i', [0, 1, 0, 0, 0, 0, 0, 1, 0, 0, 0, 0, 0, 0, 0, 0, 0])(0.718158525497975, 2.0)
Individual('i', [0, 0, 0, 0, 0, 0, 1, 0, 0, 0, 0, 0, 0, 0, 0, 0, 1])(0.718158525497975, 2.0)
Individual('i', [0, 0, 0, 0, 0, 0, 0, 0, 1, 0, 0, 0, 0, 0, 0, 1, 0])(0.718158525497975, 2.0)
Individual('i', [0, 0, 0, 0, 0, 0, 0, 0, 0, 1, 0, 0, 0, 0, 1, 0, 0])(0.718158525497975, 2.0)
Individual('i', [0, 0, 0, 0, 0, 1, 0, 0, 0, 0, 0, 0, 0, 0, 0, 0, 1])(0.718158525497975, 2.0)
Individual('i', [0, 0, 0, 0, 0, 0, 0, 0, 1, 0, 0, 0, 0, 0, 0, 0, 1])(0.718158525497975, 2.0)
Individual('i', [0, 0, 0, 0, 1, 0, 0, 0, 0, 0, 0, 0, 0, 0, 1, 0, 0])(0.718158525497975, 2.0)
Individual('i', [0, 0, 0, 1, 0, 0, 0, 0, 0, 0, 1, 0, 0, 0, 0, 0, 1])(0.718158525497975, 3.0)
Individual('i', [0, 0, 0, 0, 0, 0, 0, 0, 0, 0, 1, 0, 1, 1, 0, 0, 0])(0.718158525497975, 3.0)
Individual('i', [0, 0, 0, 1, 0, 0, 0, 0, 1, 0, 0, 0, 0, 1, 0, 0, 0])(0.718158525497975, 3.0)
Individual('i', [0, 0, 0, 0, 0, 0, 0, 1, 0, 0, 0, 0, 1, 0, 1, 0, 0])(0.718158525497975, 3.0)
Individual('i', [0, 1, 0, 0, 0, 0, 0, 0, 1, 0, 0, 0, 0, 0, 0, 0, 1])(0.718158525497975, 3.0)
Individual('i', [0, 0, 0, 0, 0, 1, 1, 1, 0, 0, 0, 0, 0, 0, 0, 0, 0])(0.718158525497975, 3.0)
Individual('i', [0, 0, 0, 0, 0, 0, 1, 0, 0, 0, 0, 1, 0, 1, 0, 0, 0])(0.718158525497975, 3.0)
Individual('i', [0, 0, 0, 0, 0, 0, 1, 0, 0, 1, 0, 0, 0, 0, 0, 0, 1])(0.718158525497975, 3.0)
Individual('i', [0, 0, 0, 0, 0, 0, 0, 1, 0, 1, 0, 0, 0, 0, 1, 0, 0])(0.718158525497975, 3.0)
Individual('i', [0, 1, 0, 0, 0, 1, 0, 0, 0, 0, 1, 0, 0, 0, 0, 0, 1])(0.718158525497975, 4.0)
Individual('i', [0, 0, 0, 0, 1, 0, 0, 0, 1, 0, 0, 1, 0, 0, 1, 0, 0])(0.718158525497975, 4.0)
Individual('i', [0, 0, 0, 1, 1, 1, 0, 0, 0, 0, 0, 0, 0, 0, 0, 1, 0])(0.718158525497975, 4.0)
Individual('i', [0, 0, 0, 0, 0, 1, 1, 0, 0, 0, 1, 0, 0, 0, 0, 0, 1])(0.718158525497975, 4.0)
Individual('i', [0, 1, 0, 0, 0, 0, 0, 0, 0, 1, 1, 0, 0, 0, 0, 0, 1])(0.718158525497975, 4.0)
Individual('i', [0, 0, 1, 0, 0, 0, 0, 0, 0, 0, 1, 0, 1, 1, 0, 0, 0])(0.718158525497975, 4.0)
Individual('i', [0, 0, 0, 0, 1, 0, 1, 0, 1, 0, 1, 0, 1, 0, 0, 0, 0])(0.718158525497975, 5.0)
Individual('i', [0, 0, 0, 1, 1, 1, 1, 0, 0, 0, 0, 1, 0, 0, 0, 0, 0])(0.718158525497975, 5.0)
Individual('i', [0, 1, 1, 1, 1, 0, 1, 1, 0, 0, 0, 0, 0, 0, 0, 0, 0])(0.718158525497975, 6.0)
Individual('i', [1, 0, 1, 0, 0, 1, 1, 0, 0, 0, 1, 0, 0, 0, 0, 0, 1])(0.718158525497975, 6.0)
Individual('i', [0, 0, 1, 0, 1, 0, 0, 0, 1, 0, 1, 1, 1, 0, 0, 0, 0])(0.718158525497975, 6.0)
Individual('i', [0, 1, 0, 0, 1, 0, 0, 0, 0, 0, 0, 1, 0, 1, 1, 1, 0])(0.718158525497975, 6.0)
Individual('i', [0, 1, 0, 0, 1, 1, 0, 0, 0, 0, 0, 0, 1, 1, 1, 0, 0])(0.718158525497975, 6.0)
Individual('i', [1, 0, 0, 0, 1, 1, 1, 0, 1, 0, 0, 0, 0, 0, 1, 0, 1])(0.718158525497975, 7.0)
Individual('i', [1, 0, 1, 0, 1, 0, 0, 0, 0, 1, 1, 1, 0, 0, 0, 0, 1])(0.718158525497975, 7.0)
Individual('i', [0, 0, 0, 1, 1, 0, 0, 0, 0, 1, 1, 0, 0, 1, 0, 1, 1])(0.718158525497975, 7.0)
Individual('i', [1, 1, 1, 1, 0, 0, 0, 1, 0, 0, 1, 0, 0, 1, 0, 0, 0])(0.718158525497975, 7.0)
Individual('i', [0, 1, 1, 0, 1, 0, 1, 0, 1, 0, 0, 0, 0, 1, 1, 0, 0])(0.718158525497975, 7.0)
Individual('i', [0, 0, 0, 1, 1, 1, 1, 0, 0, 1, 1, 0, 1, 1, 0, 1, 0])(0.718158525497975, 9.0)
Individual('i', [1, 0, 0, 1, 1, 1, 1, 0, 1, 0, 0, 0, 0, 1, 1, 1, 1])(0.718158525497975, 10.0)
Individual('i', [1, 1, 1, 1, 1, 1, 0, 0, 1, 1, 0, 0, 1, 1, 1, 0, 1])(0.718158525497975, 12.0)
Individual('i', [0, 0, 0, 1, 0, 0, 0, 0, 0, 0, 0, 1, 0, 0, 0, 0, 0])(0.7179720453229674, 2.0)
Individual('i', [0, 0, 0, 0, 0, 0, 0, 0, 0, 0, 1, 0, 0, 0, 0, 0, 1])(0.7179720453229674, 2.0)
Individual('i', [0, 0, 0, 0, 0, 0, 0, 1, 0, 0, 0, 0, 0, 1, 0, 0, 1])(0.7179720453229674, 3.0)
Individual('i', [0, 1, 0, 0, 0, 1, 0, 1, 0, 0, 0, 0, 0, 0, 0, 0, 0])(0.7179720453229674, 3.0)
Individual('i', [0, 0, 0, 0, 0, 0, 0, 0, 0, 0, 1, 0, 0, 0, 1, 1, 0])(0.7179720453229674, 3.0)
Individual('i', [0, 0, 0, 1, 0, 1, 0, 0, 0, 0, 0, 0, 0, 0, 0, 1, 0])(0.7179720453229674, 3.0)
Individual('i', [0, 0, 0, 0, 1, 0, 0, 0, 0, 1, 0, 0, 1, 0, 0, 0, 0])(0.7179720453229674, 3.0)
Individual('i', [1, 0, 0, 0, 0, 0, 0, 1, 0, 0, 0, 0, 0, 1, 0, 0, 0])(0.7179720453229674, 3.0)
Individual('i', [0, 1, 0, 0, 0, 0, 1, 0, 0, 1, 0, 0, 0, 0, 0, 0, 1])(0.7179720453229674, 4.0)
Individual('i', [0, 0, 0, 0, 0, 1, 1, 0, 0, 1, 0, 0, 0, 0, 0, 1, 0])(0.7179720453229674, 4.0)
Individual('i', [0, 1, 0, 0, 0, 1, 0, 1, 0, 0, 0, 0, 0, 1, 0, 0, 1])(0.7179720453229674, 5.0)
Individual('i', [0, 1, 0, 0, 1, 1, 0, 1, 0, 0, 0, 0, 0, 0, 0, 0, 1])(0.7179720453229674, 5.0)
Individual('i', [0, 0, 0, 1, 0, 1, 0, 0, 0, 1, 0, 1, 0, 1, 0, 0, 0])(0.7179720453229674, 5.0)
Individual('i', [0, 0, 0, 0, 0, 0, 0, 0, 1, 1, 0, 1, 0, 0, 1, 1, 0])(0.7179720453229674, 5.0)
Individual('i', [0, 0, 0, 0, 0, 1, 1, 1, 0, 0, 0, 0, 0, 1, 0, 1, 0])(0.7179720453229674, 5.0)
Individual('i', [0, 0, 0, 0, 1, 0, 1, 1, 0, 1, 0, 1, 1, 0, 0, 0, 0])(0.7179720453229674, 6.0)
Individual('i', [0, 1, 1, 1, 0, 1, 0, 1, 1, 1, 0, 0, 0, 0, 0, 0, 0])(0.7179720453229674, 7.0)
Individual('i', [0, 0, 0, 1, 1, 1, 0, 0, 0, 1, 1, 0, 1, 1, 0, 1, 0])(0.7179720453229674, 8.0)
Individual('i', [1, 0, 1, 0, 1, 0, 1, 0, 1, 1, 1, 0, 0, 1, 1, 1, 0])(0.7179720453229674, 10.0)
Individual('i', [1, 1, 0, 0, 0, 1, 1, 1, 1, 1, 1, 0, 0, 1, 1, 1, 0])(0.7179720453229674, 11.0)
Individual('i', [0, 0, 0, 0, 0, 1, 0, 1, 0, 0, 0, 0, 0, 0, 0, 0, 0])(0.7175983436853002, 2.0)
Individual('i', [0, 0, 0, 0, 0, 0, 0, 1, 0, 0, 0, 0, 0, 0, 0, 0, 1])(0.7174180832717418, 2.0)
